0.5848986250291307
0.6468295968440296
0.613318305625998
0.6261385398664113
0.6624748971980492
0.660909003184406
0.6941284226764366
0.709244024728618
0.73300321861847
0.7593387934478626
0.7708449208676745
0.7992931078010603
0.8229711211490636
0.8200080963465236
0.8370258728962572
0.8394820057220298
0.8385270541082165
0.83622667863913
0.8353683148335015
0.8309469982416479
0.8300813413843006
0.8292402340819287
0.8239187776837704
0.8345687669037364
0.8306117353308364
0.8349134687735139
0.8334761784723973
0.8396935020416394
0.8375416624583375
0.8332828435827527
0.83886925795053
0.8265527871835043
0.7403165033911078
0.7590379518975949
0.6987909846261008
0.4969028967024959
0.44496466431095405
0.4132822477650064
0.39022752077911177
0.390448034643571
0.3537040106065628
0.3141464593571256
0.32192919933475883
0.2764989191854071
0.25732350630401435
0.2424860853432282
0.23485323980062767
0.22046204620462045
0.21055692889341282
0.19720913374411017
0.1848649421180506
0.17070832593644594
0.15542409073406377
0.1452562628479844
0.13302689352360045
0.12587892299777054
0.11609230456439971
0.10735412745361657
0.09514505232481123
0.0889565476387464
0.08186311413701679
0.07601941747572816
0.06961027258391529
0.062958240357029
0.05759195420475031
0.053426503305862814
0.04852986691426803
0.23940714908456845
0.767612449696908
0.5630171428571429
0.6177411536597188
0.7368962529781243
0.3396325459317585
0.5036132898563497
0.48464845616015984
0.5464311079545454
0.6405446159304594
0.3353658536585366
0.15450854963710173
0.06831524147097917
0.05025204788909893
0.023814214648081564
0.01689545934530095
0.007350848904486389
0.0011450567655800809
0.0
0.0
0.0
0.0
0.0
0.0
0.0
0.0
0.0
0.0
0.0
0.0
0.0
0.0
0.0
0.0
0.0
0.0
0.0
0.0
0.0
0.0
0.0
0.0
0.0
0.0
0.0
0.0
0.0
0.0
0.0
0.0
0.0
0.0
0.0
0.0
0.0
0.0
0.0
0.0
0.0
0.0
0.0
0.0
0.0
0.0
0.0
0.0
0.0
0.0
0.035532599667774084
0.08252805261487871
0.02557610978451624
0.01662911092729399
2.8803502505904717e-05
0.04278207109737249
0.0
0.03459807073954984
0.07800006635479911
0.42835723347814386
0.3626775359273889
0.05520510110137416
0.0
0.108357509874515
0.01657988052263361
0.2915919195070587
0.20365683200483548
0.7922139329620679
0.7876651055096564
0.838030080903513
0.8304498269896193
0.8322703733987462
0.8275168514894542
0.8147101960997338
0.8342048769747344
0.8415940500638286
0.841953385127636
0.837174515235457
0.8275044130626655
0.8298462733781009
0.8287846719394006
0.7784213945430922
0.7282721427089816
0.6959636730575176
0.5950705865908773
0.7664329766485689
0.7541649093209616
0.7749158339122535
0.7821378792752225
0.7654020752269779
0.7165772588618913
0.733529884749397
0.7553145570303227
0.7909573594613827
0.8118030252843105
0.7993011574579603
0.8470881863560732
0.8148368917307901
0.8318208987665054
0.7785808493801107
0.8091509534462554
0.799595249507376
0.8078058731948247
0.7631951360134179
0.7730973265402594
0.7733558534783068
0.8081667833863061
0.8217121723050147
0.8043149946062568
0.7914678641594162
0.8329804886422155
0.8446241995281429
0.6072428686696094
0.7342427093132643
0.7637117346938775
0.7431537217672526
0.7782960199004975
0.791172970455839
0.7020717829004961
0.6005407841369986
0.6815169018085409
0.7035327275377813
0.8588171459576777
0.7045654692931634
0.753458177278402
0.6711835497015067
0.779186530074044
0.7435762148472538
0.639352403655145
0.41683736173699304
0.2829379491538521
0.18409726705401333
0.18968003295797858
0.3470028171023072
0.5134244408313925
0.3598777114572718
0.3981520815632965
0.26775695794066956
0.19296254256526674
0.14711538461538462
0.24512553875624274
0.15964929183929089
0.17379607210115686
0.9461307365585828
0.947556800497977
0.954635726978154
0.9681184022067795
0.9675382753722312
0.9599201554866839
0.9500902294405774
0.9508788449466415
0.9616626731951244
0.9630304608174954
0.9477420018516614
0.9654273348281796
0.9610240932507675
0.956721482641608
0.9394754539340955
0.9417627720085582
0.9504464518824083
0.9514161562221873
0.9538621586475943
0.9436462405442453
0.9390324718356527
0.968
0.9609884986011812
0.9691415553484519
0.9567176692517292
0.9532005615932608
0.9419089298739189
0.9290379431888866
0.8984960463073027
0.8543770603317461
0.8119561879414474
0.8034691113657673
0.7898790447637755
0.7651173635939686
0.7487510407993339
0.73285536159601
0.7336137945362002
0.7323980120107683
0.7280927835051546
0.7375397943739889
0.7533002869814767
0.750843673744873
0.7519079979090434
0.7661822304679448
0.7757293248834651
0.8024550681100119
0.8117910292434176
0.8204889165112906
0.8335982770114353
0.8617634724260851
0.869580943522968
0.8918722031428868
0.9120884800248075
0.938685208596713
0.974254599281032
0.9635381144745816
0.9749733191035219
0.969063456868335
0.9664701547531319
0.9628560935942501
0.9612293144208038
0.9677590694215754
0.9721543203315974
0.9590194313549002
0.9583818085668958
0.9542414828076458
0.964158088431383
0.9594236677614154
0.9587381231984626
0.9633899028711709
0.965387912558937
0.9688102893890675
0.9601328903654485
0.9711041756349548
0.9650229971119906
0.9577524741938916
