0.7564900802026171
0.8290942759108981
0.4956243983547738
0.514027378739226
0.5726855062413315
0.5546283886030524
0.5369257282165525
0.5682783474194517
0.5224293193717278
0.5213262245918028
0.5338986626165464
0.5199801644696062
0.5229937252311757
0.4908130081300813
0.48752615483663286
0.5176272853980487
0.5164041994750657
0.508314606741573
0.5372056910227893
0.5428655437476373
0.5636409736308317
0.5557778250691636
0.5682577770160253
0.583463270963271
0.6114343648064886
0.6362773458687399
0.6595724993060054
0.6832181313772512
0.7258971033290099
0.7603130845722162
0.8074994986966112
0.8303033424318896
0.8353697071834844
0.8531976744186046
0.8481159100925518
0.8582424991572086
0.7743693886276186
0.6968344155844156
0.5991879350348028
0.5371029636136668
0.48304287442318894
0.42517712113357525
0.37115368665505516
0.32391668661718936
0.3002185110035898
0.2865059680669664
0.2784512044471896
0.25212259661146014
0.25309889774590943
0.2288063719163686
0.22315634218289085
0.210162335298828
0.19700361010830325
0.1840817501439263
0.18229798159903002
0.16012747875354108
0.15137295794230102
0.14714568639032696
0.12719818385118423
0.11930024847223154
0.11410569373886653
0.10453835134783175
0.1008245147049276
0.09544677544677545
0.09136259530009726
0.1057407241038541
0.09551861981906165
0.09425073516173559
0.08767559130747989
0.08672733162529081
0.07566955208272817
0.078359521575985
0.08630866269313119
0.1030718897478213
0.10895856021092451
0.17260555505183306
0.05959590546117155
0.02895987328405491
0.030972858559065456
0.040888318768540044
0.005675069288636664
0.002322819057674541
0.0
0.0
0.0
0.0
0.015318676085403604
0.009769278736229474
0.00482315112540193
0.0
0.0
0.0
0.0
0.0
0.0
0.0
0.0
0.0
0.0
0.0
0.0
0.0
0.0
0.0
0.0
0.0
0.0
0.0
0.0
0.0
0.0
0.0
0.0
0.0
0.0
0.0
0.0
0.0
0.0
0.0
0.0
0.0
0.0
0.0
0.0
0.0
0.0
0.0
0.0
0.0
0.0
0.0
0.0
0.0
0.0
0.0
0.0
0.0
0.0
0.0
0.0
0.00037023324694557573
0.002331719066287442
0.009176810173460774
0.01241144963427979
0.021117026722637454
0.006310972543497938
0.04917382683410443
0.027155063023432874
0.05615136454791176
0.08325732079388545
0.1155686167304538
0.7606093579978237
0.7979134671397553
0.8715860617140324
0.8220712150040772
0.8007427740997901
0.7821999038410171
0.8126024702153241
0.8580659536541889
0.848454073572557
0.8274210614245141
0.8276600541027953
0.8326859201711423
0.8131744604316546
0.8225519617650328
0.8286249242799714
0.7947700337066435
0.7741364514052779
0.7829977628635347
0.7822057460611678
0.7879079721776351
0.7857652417274873
0.8164028144239226
0.793708408953418
0.8127423822714681
0.8325471698113207
0.8427175693228667
0.8399484968930191
0.8205058024961681
0.8432844056947357
0.86014102492921
0.8147092053585839
0.8182455005927363
0.7863665321724358
0.8343097571367704
0.8153339704789211
0.8175976008140096
0.79384971828761
0.7746654865413651
0.7805031446540881
0.7576288659793814
0.8449877750611247
0.7989853137516689
0.7932205276633641
0.8075195474962569
0.8154449538750483
0.7559735904422553
0.8192256489904592
0.8601601931095019
0.8025124313007066
0.8375428749610228
0.7594591867621834
0.7430363492690636
0.7341820435798407
0.7206450956450956
0.7164991419465555
0.8269261026905124
0.7887713997985901
0.8076804282919798
0.7465245822232986
0.7147118252670066
0.7576734340421437
0.8110826064648538
0.8023964154458038
0.7710654243467693
0.7202540797355919
0.7538904899135447
0.6659811482433591
0.8013025838137946
0.8240498907307713
0.8803546629633586
0.7786073366183863
0.7612183568481639
0.7809867018576794
0.8683357725277023
0.8491533571924577
0.8698394789476384
0.9042752867570386
0.9065971316818775
0.9183307866589389
0.9258328431634671
0.9186696183849884
0.9100685292567211
0.8899304661344322
0.9249682741116751
0.90565548701467
0.922120830711139
0.9227427375032714
0.9096168881939015
0.9059149626065582
0.9047000103982531
0.8921215242018538
0.89644985747603
0.8923249642784241
0.8425550834897737
0.8875659382064808
0.8724371325527395
0.7758309591642925
0.7723355154712005
0.762770160353242
0.7789537769868402
0.7513400139827546
0.7264890641478289
0.7088463292293662
0.7016158315177923
0.6596227422368538
0.6370565045992116
0.6360657170322468
0.6603118802956554
0.6644990582114988
0.6579475963040664
0.6739562624254473
0.6873251066562687
0.6874742386077398
0.7050538525269263
0.7106991476081792
0.7109712568100696
0.7141308957263346
0.7310083036773428
0.7431060896208349
0.7537101964362903
0.7908888338697697
0.848297213622291
0.8680890826973992
0.8778578139680551
0.9093828980623421
0.9298902863259298
0.9124072221929779
0.9071290136713634
0.8902916623724622
0.885255277113445
0.8764630059293632
0.8468018563357547
0.8898862331698153
0.8720328120994617
0.8608938547486034
0.8446519098529338
0.8417009739933728
0.8227227227227227
0.8368733642037447
0.8122509960159362
0.7968943177884378
0.7924213419722181
0.8049827749762843
0.7848039215686274
0.7950579227365385
0.788391179669732
0.7893718368562072
0.8023307933662035
0.7903595259436311
0.802722784620755
0.7997818866802161
0.799604743083004
