0.9208472686733556
0.9061556202295316
0.9249319330999611
0.9117502323801192
0.9201337499314806
0.9175440540840075
0.9098302879141138
0.9244773377991464
0.9453416831465612
0.9423978201634877
0.9288412064152389
0.9196481253017218
0.9303405572755418
0.9156460420974498
0.9186859395532194
0.9160500260552371
0.9183673469387755
0.90746330800458
0.9070088007634397
0.9047920959475881
0.8994818104906938
0.8976515391939067
0.8880679138500236
0.8968784544928147
0.8796204577446431
0.895743107637055
0.8929162440612822
0.8994604412628879
0.8964872944693573
0.8913780319881368
0.8679024885728797
0.6914456842003575
0.6006067236920629
0.6891428571428572
0.4135659760087241
0.37701737730631113
0.36363636363636365
0.34871609982774504
0.3398408109927533
0.32350274021212
0.3098288928822564
0.3035693387946167
0.283318656916421
0.26809590545812656
0.25085266669165324
0.24213472662810226
0.23557959470973958
0.23018157661647476
0.21996431042645398
0.2043657988251505
0.19315866604711013
0.17989005142755807
0.16303317535545023
0.1523657333425971
0.13940348594322502
0.13527081483505224
0.12219148505498954
0.11345478856760823
0.102444012005673
0.09843334318652083
0.09127512420040913
0.08747954961023963
0.07961022832213482
0.07414886568011864
0.06610644257703081
0.059761078524705954
0.06851906206176825
0.04819807082037264
0.5954118873826904
0.8338301043219076
0.8421448527831507
0.8595298023884753
0.8192733017377567
0.8639678680900539
0.8615647845699176
0.8676256751142501
0.0008888616440875375
0.00012061634954618098
0.0
0.0
0.0
0.0
0.0
0.0
0.0
0.0
0.0
0.0
0.0
0.0
0.0
0.0
0.0
0.0
0.0
0.0
0.0
0.0
0.0
0.0
0.0
0.0
0.0
0.0
0.0
0.0
0.0
0.0
0.0
0.0
0.0
0.0
0.0
0.0
0.0
0.0
0.0
0.0
0.0
0.0
0.0
0.0
0.0
0.0
0.0
0.0
0.0
0.0
0.0
0.0
0.0
0.0
0.0
0.0
0.0
0.42867844188613785
0.1479204212162974
0.0
0.011271896420411272
0.11837900319575713
0.03762139640329647
0.01615820571566381
0.010988351146871623
0.26865209824018565
0.12067103220144468
6.021557174685374e-05
0.032045083197172294
0.0
0.04279643868878996
0.7815284102157989
0.300077273117541
0.27599118026376
0.9717488012016869
0.9683252706749597
0.9532829011953572
0.9675672528240363
0.9617464100924364
0.9630962051758153
0.8494393139841688
0.8390033802202596
0.9709243797003613
0.9635816314484713
0.9181140026194408
0.9647475642161205
0.9659473839787172
0.9628842863043606
0.7852509570395576
0.7791524085285602
0.7844245564452819
0.7800771476230192
0.9507369153997911
0.7812270966390954
0.9458018398078163
0.9486049074772318
0.939626592217763
0.9565242900727529
0.9477625036560398
0.9491149149967868
0.9454808806488992
0.9384615384615385
0.9545638009571585
0.9495019289457016
0.9158382286488929
0.9242500139143986
0.8829281617044523
0.9386592997688448
0.9409547738693468
0.9424618045546267
0.8980117614113694
0.9249671409794845
0.9172370161615
0.9326228744467738
0.9527710003485536
0.940880721220527
0.9056909592988354
0.8786340284073738
0.9338955065455832
0.4372733267392021
0.8876212878565128
0.923072416217483
0.6409631781129954
0.7748397037626125
0.8371988403478956
0.8260848077493328
0.8516938261450676
0.8490632113465243
0.597377200046014
0.7649742629854936
0.255196623673727
0.8630364998216621
0.9430449069003286
0.3967821782178218
0.9468109210377251
0.6303871439006574
0.39543819204303327
0.15224925608261858
0.15809044471153846
0.15805482001001933
0.4398637690561142
0.7229862475442044
0.8194121747211895
0.33207458798044553
0.08260077860102977
0.09588790740176667
0.0701655379984951
0.1675782874324281
0.06082258626699198
0.046517794013669574
0.9611995671664864
0.9635381498987171
0.9766063467086283
0.9666701824702035
0.9502344971339239
0.9716871908220187
0.9650093032871615
0.9667399958097632
0.962385036684923
0.9464670290226643
0.9661323681489141
0.9511053984575836
0.9517387485144422
0.9505500207555002
0.9503018318068276
0.9225446659093256
0.9472456391495679
0.9199580382900603
0.7357784431137725
0.5984195672624647
0.9237696009936345
0.9341919903401087
0.9494778869778869
0.9316574220141468
0.889923273657289
0.8023936847466259
0.7912742452782161
0.7647900275876163
0.7362252663622527
0.7290472501936484
0.6983665135273098
0.7237354085603113
0.7207640938033856
0.7381596752368065
0.7328531161916693
0.7191716836205106
0.7150785829140516
0.722048013159924
0.7180796731358529
0.726375691761512
0.794947455609049
0.7931780708985985
0.7159495473502187
0.7689135525913858
0.8427041845549061
0.9480959833072509
0.9286196334942636
0.9454535881640604
0.855814893402041
0.9576619273301737
0.956110064867127
0.9618531450310074
0.9734278122232064
0.9675205615799676
0.9766244681409886
0.9687990786305098
0.9748184276096061
0.9690937663698271
0.9717134610338494
0.9765612710397986
0.9697288206853059
0.9726092715231788
0.9673185388224131
0.9664411795793256
0.9739116602152819
0.9631811487481591
0.9715632196219139
0.9664893617021276
0.979296178171793
0.9680913819917413
0.9786798750942177
0.9734237142242307
0.9694640073114349
0.9844528710725894
0.9744043786220219
0.9650263901476782
