0.9058489432581508
0.894790767903365
0.9087152721143913
0.8969182289163061
0.9080515297906602
0.8973735408560312
0.8957944672458824
0.8892652974804149
0.9265370582148886
0.9177412422093273
0.9133619052785764
0.8975537591800073
0.9045601398231026
0.8885202738283307
0.8901402575733875
0.8869596955002867
0.8930886658301965
0.8805224540771193
0.8900360016941974
0.8786637251812165
0.8846133516570643
0.882240509689408
0.8715470342787726
0.8819056734194715
0.8386780779542173
0.8774830881563406
0.8946571490374216
0.8989758163976621
0.8852467725654785
0.8841107481390242
0.6455170438269837
0.4597035564582343
0.4458579498900341
0.4352499573451629
0.4162370044797566
0.396637116577184
0.3875734746253829
0.3583718853989124
0.3517589971694298
0.33695739067871133
0.3289880339171091
0.31734971064131334
0.30394404507480083
0.28585100681417963
0.2755893536121673
0.2621960428938227
0.25410905296112707
0.24005021044081815
0.22769151708695812
0.20899817850637523
0.20441769962525225
0.19249195566678584
0.1787327123906294
0.16731939296454298
0.15249905011916687
0.1507553286886942
0.1358054090831774
0.10830855463276257
0.10797681664377366
0.10868771370713408
0.10199135333420674
0.07882794001578532
0.08294856478641309
0.05207416821455339
0.05635102221566167
0.3340774141702755
0.06112138892841896
0.09684775811968956
0.7274964838255977
0.8399048625792812
0.8545628386274301
0.8671000746030054
0.8854139011309935
0.8711256117455138
0.8093884800811977
0.8364160956257406
0.0
0.0
0.0
0.0
0.0
0.0
0.0
0.0
0.0
0.0
0.0
0.0
0.0
0.0
0.0
0.0
0.0
0.0
0.0
0.0
0.0
0.0
0.0
0.0
0.0
0.0
0.0
0.0
0.0
0.0
0.0
0.0
0.0
0.0
0.0
0.0
0.0
0.0
0.0
0.0
0.0
0.0
0.0
0.0
0.0
0.0
0.0
0.0
0.0
0.0
0.0
0.0
0.0
0.0
0.0
0.0
0.0
0.0
0.0
0.0
0.22556937799043061
0.028341552037373475
0.10217750587143727
0.04350873409532025
0.06377638334284084
0.061028993746446845
0.06445516346506446
0.0575780191834591
0.044391187123832346
0.039355170268588896
0.03696570908896378
0.030571284259776167
0.029754577123549595
0.023996452698296773
0.022587588496148957
0.01573680389920149
0.9664306919387988
0.9687410545600275
0.9686995619091537
0.9711815561959655
0.9555924822369929
0.9447413303013076
0.9468115527595081
0.9409166523260483
0.9586576716830998
0.9540542102525573
0.9594251414059795
0.9526766718417572
0.9478375135691024
0.9336325927609523
0.8109143905862032
0.8081650101528267
0.8076983834447896
0.7996957935592154
0.9497315206215012
0.811470665614312
0.9486692015209125
0.9598804460282792
0.9378596087456847
0.9566122874002083
0.9426025574263728
0.942739931819495
0.9449752503741222
0.9392953000970818
0.9482067147931706
0.9562052163943824
0.9260280137256005
0.9456682184625865
0.9140193177377031
0.9208697601434656
0.9471087654887563
0.9447434722858452
0.9198816433367475
0.9200545857735828
0.9334261192298771
0.9342728427861846
0.9481562825106924
0.9275329004080225
0.8883290854128386
0.4856286285333587
0.8019941415051826
0.4161412884639472
0.9434051622069619
0.8449032107140768
0.6852097863389793
0.47442941673710903
0.4913282748269824
0.7309532406571583
0.6764074836937864
0.9494639235004346
0.8208851202230224
0.819797538249166
0.8230634658373019
0.6115251063165698
0.758166105170646
0.5601638740563433
0.6804476470351435
0.46319638218031367
0.1707584160514324
0.3563878126943129
0.1941446303291959
0.6958297710648808
0.48596345259005885
0.8823496314634558
0.5074664641862819
0.7526406016700768
0.3977945970462341
0.5790946200064211
0.37067406753290444
0.8380531488050241
0.3979401580395987
0.20928947815740268
0.9560076418650282
0.9567486564696155
0.9609847694554559
0.9650691777579041
0.9699534932330042
0.9609740867936309
0.9484699621328421
0.9509089041799322
0.9554218725898503
0.9611790821330856
0.9425957164034147
0.9429808733309275
0.9452827233331593
0.940566037735849
0.9690469869923015
0.9491336238970979
0.9150625854633428
0.8877710592160133
0.8322147651006712
0.8228254675439051
0.7835533412091017
0.7777606098063453
0.797856671237747
0.8018674327929407
0.7744460256149623
0.7133469179826796
0.7495667244367418
0.6874083067739162
0.7196285395311073
0.757262917617763
0.6998113009749449
0.8056809828835451
0.8503241321622752
0.8157509922707332
0.7936143572621035
0.7942946058091286
0.8297427316460991
0.7915443637674443
0.7773308213249147
0.771641407654765
0.847029399755002
0.8135653229477517
0.7647817562687029
0.7160818261452053
0.6107538503107268
0.853887399463807
0.7406931303990127
0.7533048928214041
0.9534415047540306
0.9252873563218391
0.961028235172663
0.9431342521694742
0.9510836540409155
0.9599481865284974
0.9622563251762754
0.9690753690753691
0.9628019070571593
0.9633255633255633
0.9741716671014871
0.969889802886854
0.9671468545963312
0.9681112447069894
0.9500907911802854
0.9643659543340822
0.973513769680375
0.9628120756293743
0.9642574727186463
0.9742668428005284
0.9688860571307211
0.9706676550007942
0.9726078400085102
0.9747751583204726
0.9706289978678039
0.9693231963421766
0.970026959877359
0.9781165347639029
