0.652496005422941
0.6537022827546518
0.6588201521458303
0.6786531858069439
0.6997100048332527
0.6864312357699947
0.7139467312348668
0.7232243241922081
0.7336059516184658
0.748628207029512
0.758579349617863
0.7855502296784501
0.8031776263031275
0.8014635857851736
0.8209449292807703
0.8208014407924359
0.8321289605336298
0.8296908047134656
0.8273791348600509
0.8220575546871035
0.8247674241268873
0.8213867237251006
0.8190176258444659
0.8267136942186781
0.8195734258597817
0.8246852932146147
0.827130113811135
0.834820745576011
0.8241623744199092
0.8003031834259727
0.5505708085668459
0.6644933835603207
0.6243409277801963
0.610948660179282
0.5748395620989053
0.5445081891366707
0.5077572128470332
0.471067824247499
0.4240500937127279
0.38189480642895507
0.3342913024388297
0.30863618601016024
0.29603738606519386
0.2807251399626766
0.26961451247165535
0.2510565092187442
0.23910064081194207
0.22097804537778104
0.2105473722494999
0.1979958908553509
0.1882976076214852
0.17908172309874135
0.16331447726796564
0.15261391551050063
0.1394263523640823
0.12893807713199348
0.11992588849587334
0.11178651347650378
0.10098449178492641
0.0937407783861766
0.08567054301443043
0.07324221966079368
0.06432996413433323
0.053725208768267224
0.04972517758991996
0.04234207682483544
0.040696763683072776
0.021427824814466395
0.015507356496511708
0.008823817771822609
0.016854973143174662
0.01857473475398996
0.015745463171628515
0.009121839619874464
0.005402108564955999
0.0027548209366391185
0.14231753018856702
0.09920043366309798
0.06003193187865886
0.027360099209424896
0.004843232220239612
0.007721909324906343
0.0
0.0011543287327478043
0.0
0.0
0.0
0.0
0.0
0.0
0.0
0.0
0.0
0.0
0.0
0.0
0.0
0.0
0.0
0.0
0.0
0.0
0.0
0.0
0.0
0.0
0.0
0.0
0.0
0.0
0.0002009494863228756
0.0
0.0
0.0
0.00012489384023579958
2.4998750062496874e-05
0.0
0.0
0.0
0.0
0.0
0.0
0.0
0.0
0.0
0.0
0.0
0.0
0.0
0.0
0.0
0.0
0.0
0.0
0.0
0.007048505555406096
0.015311147589911953
0.0
0.0
0.02185465865853275
0.15737445630684066
0.14885412877409968
0.20545987030193152
0.43523905894257525
0.5089796980739199
0.4982760070641662
0.5199967517966625
0.2370847759761407
0.029283959947099942
0.030442853354547866
0.02727777337245262
0.01934994639541877
0.8668485675306957
0.8382156768582253
0.8179167771004505
0.8497128616318128
0.8596183373546831
0.8543715846994535
0.8562156215621562
0.8895040108462321
0.9002853881278539
0.8879071084678561
0.8517135692393424
0.8841583600833474
0.8589165413952452
0.8451463790446841
0.812667740203972
0.7890849186948666
0.7974947807933194
0.7884369676320273
0.7793937456715145
0.791555460659763
0.8004132006741695
0.7787643359230485
0.7162971686037581
0.6919199556429255
0.7061926957947037
0.7299141764036811
0.7624436759928743
0.7977671451355662
0.8142512724350388
0.8472282608695653
0.8193851409052092
0.8381942955179069
0.8211991434689507
0.8238075002655901
0.8214171208720744
0.8184988465046408
0.7855793450881612
0.7961773294398726
0.792930371636053
0.8099823463328518
0.8371991960454126
0.8177580109313043
0.7947544642857143
0.8034269129876653
0.800762734949605
0.6035185185185186
0.7826851241485387
0.8317624347036112
0.7338296636570041
0.6732380952380952
0.71745442429435
0.6608242093886566
0.6844722196879847
0.6556888928990345
0.6271974229176254
0.738264648297598
0.7527373594822132
0.6588667321405697
0.6409833217512161
0.654067659229555
0.7002212389380531
0.702563622754491
0.6747539580658964
0.6486657907851221
0.5098065258777172
0.6093254241964409
0.5727765592020858
0.6284349902322552
0.5568488067804555
0.5632843738865355
0.5834394904458599
0.5343425848051584
0.4703804579113116
0.596367457220054
0.6740155865463495
0.694931576279777
0.9481838437224727
0.9596748984057518
0.9689759983230269
0.9653915248863997
0.9583550777580628
0.9606738642883221
0.9489084759659732
0.950987525987526
0.9519686662543806
0.9440156426880725
0.942113102881504
0.9632161118647605
0.9516087114714902
0.9446299968688029
0.9375649283191356
0.9442539950424556
0.9393238340606762
0.9426885798567215
0.9196964906734113
0.9077867767720078
0.8865628818872536
0.8825480389576205
0.8584979413144317
0.8498613218902088
0.8426694692590646
0.804017997279481
0.8135504201680672
0.8044173967787629
0.7745682725716952
0.7840012622278322
0.7430717430717431
0.7536940632066046
0.7872296064633828
0.7813754627457115
0.783956770368816
0.7677476816681511
0.7842419169195354
0.7746113989637305
0.7573200226418978
0.7855879292403746
0.7795418110358381
0.7814723167336839
0.8032209621459272
0.7519791613463405
0.7687343880099917
0.7840932535589024
0.7804549458521167
0.8339292191305249
0.848605577689243
0.8593438842888587
0.9178224507817776
0.9405738775936863
0.9142945704396342
0.935240805142797
0.9571488734470415
0.9657602692894336
0.9671705118005834
0.9674847912733375
0.9664120539918385
0.957376370784192
0.9550119208043951
0.9503442520342166
0.9671511780448129
0.9441957313899011
0.9456408655846859
0.9547848761408083
0.9424723324284819
0.9490801063219888
0.938613447573272
0.9384711648764209
0.9489586079620353
0.9550454833932727
0.9440803382663848
0.952603117378857
0.9460768825697735
0.9518530250237567
