0.9028738107336721
0.8789026172192861
0.9063556908352682
0.8778932931293555
0.9069637887464493
0.9029420863002733
0.9077650591714013
0.899075785019436
0.8880241214015218
0.8870096525650888
0.9251691034391956
0.8530143533024107
0.8819796306815796
0.8990852939100128
0.891461618128686
0.9060294287354098
0.9230456859996039
0.8933824821344027
0.9222810057650064
0.9160913064479042
0.8673886266716565
0.9025712545482516
0.8848438686006983
0.8760226500975232
0.9210616208739246
0.9157982005339426
0.8940505197222747
0.9025006258693331
0.9133163395228756
0.9170048434988981
0.889062451022083
0.8861910209719689
0.8805090433426661
0.8917501112834648
0.8725295868151344
0.9029292561476401
0.8813594349898274
0.862524349206325
0.8639788583822327
0.8746801448855506
0.8729732514412785
0.8557016133819676
0.8830111477324412
0.8176910991636968
0.8430478558385234
0.8562067748443937
0.8492701256965262
0.8369255721092326
0.8540316885997189
0.8342114965381111
0.8730671867204107
0.7998502249061593
0.9029771905752977
0.8455607930421941
0.8271197496537195
0.8228786367982535
0.8462454678719208
0.7861332015035606
0.7790595454282837
0.8505282066333546
0.8546508235791077
0.8463027726095527
0.8334272222708549
0.8434832155047693
0.8327722131281575
0.8652961296562696
0.8757873814401143
0.7106447755536804
0.7787545031748422
0.7047792623455932
0.7619665941499438
0.6966769950839935
0.7045503739491974
0.6025179152616262
0.6882708248051276
0.6674215948733646
0.7413199086311217
0.6306220375677954
0.5260643751274696
0.6913177024232452
0.6553683934499237
0.5463116491857029
0.6106306292494096
0.6412919496254783
0.7304462379307644
0.6461633376164537
0.602114982293754
0.5379635148289171
0.6044078744121938
0.6275614043441862
0.561642997251863
0.5881472702223441
0.547730517164231
0.4960210311511476
0.4794573734080859
0.44331238114116267
0.48925502572743973
0.384914123429821
0.44807700027109904
0.4190155053098737
0.4021837191824777
0.43150689858130314
0.40928992702007017
0.375415639712599
0.38877369944793455
0.31859755353506186
0.3261119110887987
0.3893978112671447
0.25502605624918845
0.3247017575293871
0.2835218341205668
0.31463408229506673
0.35842695182012335
0.2875521423761384
0.31216739135400007
0.3964410365769292
0.2585672001994731
0.3824565606714575
0.30363288034461283
0.3771406031980113
0.3367014827169196
0.33145585366976865
0.4704496442690396
0.41330196008596565
0.45472571119439015
0.4641573872181919
0.529526750540543
0.48564905251350865
0.6327028465207085
0.6558174106659143
0.6445908432200143
0.6486067121303899
0.826486820456757
0.7653659149620596
0.8982472274977035
0.8882004043859825
0.8999836597152188
0.8942386600857916
0.9049403760079802
0.9287393900733427
0.9266216573506487
0.9063956214271354
0.884776015682766
0.918105818377362
0.8869109649682194
0.9180955251368971
0.9065503009220881
0.9139844806381678
0.8875832701244211
0.9056061793548101
0.8990670686999115
0.9218016821825445
0.9013068540190927
0.9133903211424494
0.890033758354182
0.8939813523558131
0.9173373940247217
0.9211082927801224
0.8713887174411692
0.8849530165814598
0.8919503880172209
0.8784998581142853
0.92217779473302
0.8632124045927962
0.9025395630115535
0.8613241508994083
0.9125702393625561
0.8983775117537736
0.8864710590424911
0.8926275176880522
0.8572533715183355
0.8924420052889429
0.8744707878545208
0.8978804145077971
0.882043862471628
0.8969861249191238
0.902470724627918
0.9129727888109077
0.8939768525755033
0.8701714763530944
0.9291922420088581
0.9089640615354361
0.8956179798709292
0.9136992098739565
0.9033913368867242
0.9223773409349694
0.8813776222502293
0.9062858511171863
0.8967414042373598
0.8989748334603338
0.8889230344184709
0.9082154125737327
0.903860847875877
0.8718666200532518
0.90305608049375
0.8897541416007243
0.9108352091814332
0.8852375354525588
0.8343318539493625
0.89549378136351
0.8957504152839981
0.9083236171626166
0.8565769027520446
0.8562808811547772
0.8882636422610786
0.9200108172306228
0.8817282745661364
0.878622068558076
0.881890215680766
0.8899011823568733
0.8778053652739338
0.909801431212738
0.8918952010813197
0.9109458239408473
0.8910072558289228
0.8949463548049668
0.8703472610320032
0.876551975742256
0.8703994947666688
0.8937740376244143
0.8800191860583737
0.8828875477298391
0.8921639556378247
0.8698816173191999
0.8973680261360177
0.8955083668740331
0.9040751611118096
0.9058063814415597
0.8962609425031186
0.9119997761440695
0.9111337216793611
0.8737716155552496
0.8924527074383493
0.8862689551060952
0.8400123948691333
0.9003560149662739
0.8880513249040597
0.8815509316066757
0.9162426302394536
0.9062546388488609
0.8748328301149098
0.8803217052145179
0.8950423957954972
0.8796570194076322
0.8775568713479623
0.8930656991572542
0.8668356542422655
0.8821326463074083
0.8960967098440925
0.8952110523835272
0.9002541399029115
0.8818386997098985
0.8448965144447234
0.8903448055638856
0.8598997227285272
0.8450090640437515
0.9038300907886981
0.8091814469343351
0.8308595831507954
0.7982028156001197
0.8421085664191006
0.8081304029285981
0.8379813979291683
0.8789203816049851
0.8377494282146103
0.867465630671127
0.8827317515557713
0.78818837040711
