0.7111078228272665
0.5911642223429295
0.5552566494554606
0.622476173268892
0.5902616018634653
0.5818685561157287
0.576014940637645
0.5735398544292561
0.5619593998234775
0.5747748547091965
0.5667658421777166
0.5313071978887328
0.5204327431010438
0.5287688709334467
0.5117024820922872
0.5211108318673033
0.5384092165114994
0.5413961038961039
0.5731971525843392
0.5920351207275008
0.5999820257032443
0.6013998645292391
0.6213954334576549
0.6158961512184012
0.6513932176582778
0.6740067244400246
0.7004523126307086
0.7280527725424065
0.7760171744019628
0.8105531826231899
0.8270130441961583
0.8081589492430988
0.8226828850436868
0.812125021427347
0.7821520835673369
0.6864402275022591
0.6208235414325125
0.6462507155123068
0.475479168541348
0.4442013129102845
0.38791018998272886
0.37920437083831315
0.36820674754861227
0.34315482392165036
0.39789874183924945
0.4237955629457839
0.300116776956014
0.26971223570719793
0.26034899531651307
0.2436631846942978
0.22960858818755303
0.21434592969981306
0.1965093963862838
0.18234828306097473
0.1712481821728798
0.16102745792736936
0.1507337526205451
0.14177425495829152
0.12965925724206012
0.12147380541162925
0.11340965387962777
0.1084341342170671
0.0996086684863034
0.0924510657508626
0.08409105360208559
0.08886464983478233
0.06598213177813625
0.14135777023813298
0.1627134106607585
0.16719263218908997
0.1848774675554697
0.19277975976172554
0.21325563018569735
0.2324943256885396
0.21347646573080098
0.23471849410485543
0.14626338778196613
0.10846425318761384
0.05673967760938253
0.026654578422484133
0.01780166046961748
0.005721953566093627
5.006633789771447e-05
0.0006523811913484218
0.008263836239575436
0.0
0.0
0.0
0.0
0.0
0.0
0.0
0.0
0.0
0.0
0.0
0.0
0.0
0.0
0.0
0.0
0.0
0.0
0.0
0.0
0.0
0.0
0.0
0.0
0.0
0.0
0.0
0.0
0.0
0.0
0.0
0.0
0.0
0.0
0.0
0.0
0.0
0.0
0.0
0.0
0.0
0.0
0.0
0.0
0.0
0.0
0.0
0.0
0.0
0.0
0.0
0.0
0.0
0.0
0.015429962834807125
0.002619713342905363
0.0
0.015224070639687767
0.013630873641226204
0.02657512355360895
0.002740029337687858
0.007796773553344107
0.011151583076492014
0.02085757021771647
0.0383001953798414
0.038411650256470725
0.008238367253207797
0.8729742739476921
0.8975792444637429
0.8877757705151366
0.8854853654548428
0.8938816116730227
0.8858906429234719
0.856756171502815
0.8795246700618805
0.9143398539820543
0.9530500144550448
0.9060129090703205
0.8994277296164088
0.8790177567992807
0.8400553250345781
0.8525325456733399
0.8374790913505639
0.8584189131364998
0.9218472468916519
0.8844377677627553
0.8904416179922485
0.8093033272316141
0.7887188782854401
0.7382920110192838
0.6915484909874812
0.7328939613138296
0.7218846604839569
0.8609100600347865
0.8337735226147244
0.847682483760872
0.8664830625172129
0.8719925634295713
0.8538209491597083
0.8311406984730808
0.9198776758409786
0.9575590731819225
0.9402347310847766
0.9105999660075916
0.9483730021846614
0.9294408083591686
0.9459320288362513
0.9329665967220553
0.9233688264612596
0.8850994721883881
0.9095629850049595
0.9144087971885274
0.7100722311396469
0.9301044742221213
0.9244384697249762
0.8745652173913043
0.9081467929401635
0.9045220802629487
0.8918684652473048
0.8606743897393463
0.9362780593772628
0.8999889795018735
0.8870691500749304
0.8872668288726683
0.8524192716393274
0.8916666666666667
0.9171204901293397
0.8909841203510238
0.8134510339445962
0.896154681729307
0.7421331822629654
0.6780595369349504
0.6677974087161367
0.8712279966471081
0.8479844584749878
0.8361875581331728
0.48986125933831376
0.3704664158661748
0.40704140828165636
0.459604641168887
0.45360286139131134
0.5240950860692869
0.6037037037037037
0.9160086506060454
0.9205870526739043
0.9310747663551402
0.9366788603225308
0.932963453120228
0.9569281619583743
0.9324160870879952
0.9226692241683913
0.9242090508610332
0.9117690746150419
0.9244575542445755
0.9480187908496732
0.9475964724473671
0.9456560784112485
0.9407078290179255
0.9148730964467006
0.8537784551846207
0.8102059518641779
0.8092290109052812
0.8609760747307216
0.7925715637568015
0.7512165732029475
0.7441557837988567
0.7444691289456632
0.755808506651677
0.7122504495366315
0.6923431309315397
0.7406602748783828
0.8380347103397702
0.827028885832187
0.8184205407508267
0.7987736629519685
0.8062307428962684
0.7447658926532166
0.7369481765834933
0.7324533937087528
0.7660029140359398
0.7596121212121212
0.7308316623699036
0.7511630160883892
0.7559204755871748
0.7199620223118918
0.6909522678698646
0.6892583720821004
0.6360117520869282
0.7471690745802421
0.6799519230769231
0.7290264241937104
0.7264415277982599
0.4418202996344941
0.65125836989148
0.3160642139511602
0.5895185450862905
0.6198550349469324
0.30001681520094164
0.7242243810717643
0.7968925496068888
0.6163789508798265
0.49570949372025896
0.5326748320821809
0.6178673858139634
0.453927666436305
0.5570424891267982
0.5840692862323478
0.5751319598161077
0.7623883981293401
0.5515148996301068
0.7774707259953162
0.6816302687157365
0.7130683105933547
0.691587101423167
0.7034789644012945
0.6861494863620262
0.6820286659316428
0.6636687521724018
0.6586839266450917
