0.9495778793507714
0.9208599027974328
0.9324273489223899
0.9207993849918908
0.949573116663322
0.9480954688333375
0.9515162928074483
0.9517985224583375
0.9484422170241846
0.9386383404809251
0.9451025037876978
0.9332464451592364
0.949046679669523
0.9391875714706508
0.9605011837398745
0.9630263719489728
0.9493667826104716
0.95294261638305
0.9533858614710964
0.9614958480184258
0.9479984961762116
0.951911010501223
0.9420530014429772
0.9354089480631499
0.9565065473430817
0.9601957095783605
0.9492348183790442
0.949819329245499
0.9619690613357225
0.9651016843311236
0.9577368685001344
0.9554895934494343
0.9653969728889684
0.9676335551344648
0.9559404030394779
0.9464841747392804
0.9499492316469619
0.9460398901769903
0.9484992770359317
0.9328078461031083
0.9413168270931997
0.9433538890169195
0.9572664380769064
0.9411581212206729
0.9570204290494416
0.9326834158229497
0.9658264490009847
0.9148794478734636
0.9602718553801368
0.9440461054339474
0.9530315397962623
0.9429304051645341
0.9500963077999508
0.9279383534159986
0.9362258552129268
0.9495712566297645
0.9215447837082001
0.9275442321109896
0.9530782030481572
0.9643895668434321
0.9415291606037824
0.958408506007815
0.9670812261606686
0.9631905292091533
0.9564415252716396
0.9614832602434307
0.9582082529565861
0.814200549857472
0.8731158937537176
0.7782270135524737
0.8616200162599126
0.7546068321406811
0.7498704271529667
0.6650350937633902
0.7053408036790029
0.770106855832055
0.806349015467833
0.6923187631628747
0.5716562389395082
0.755583651881102
0.7253612101134933
0.5309206022281937
0.6543100565629026
0.7031518946594587
0.7007988363084452
0.5809152534441943
0.4100986104516736
0.44136002175110445
0.49829313116327245
0.49042868901977926
0.49523388716613226
0.46984827922091144
0.4204927249975191
0.429657376441415
0.4223423291681148
0.4369586588364059
0.4690343639583007
0.4239785016387708
0.38495705593010227
0.4377016950275835
0.3852432543081713
0.37848511490759773
0.32933805404324845
0.3161245792461069
0.33569112507474663
0.2906791371107541
0.27819142878505165
0.34827729392447837
0.23117906589490786
0.3074233509593724
0.24986054348620151
0.30897494861402514
0.30831478162307985
0.25000135967079884
0.19714705580502212
0.34777045413861424
0.24259612547058546
0.33402769527874365
0.25855069638483086
0.34873102376497406
0.2702016830477044
0.2805253793827117
0.3674038588331448
0.29539587207033724
0.33043509118836767
0.36930544088464784
0.4098080497921438
0.39610292243358447
0.4482523771246611
0.49162547570844845
0.6165950696535999
0.592820572131422
0.76734610939797
0.8281578104536125
0.9631051806211268
0.964656214908076
0.9485830571906737
0.962486617253299
0.9429557087449556
0.9458607596304928
0.9581452671862349
0.9653100478228771
0.9467712471447923
0.9494572912063488
0.9452775932181392
0.9622877113383664
0.9424546394047617
0.9364392065451568
0.953999741402555
0.9497626390629152
0.9549989182079859
0.9612026234539564
0.9607960273720023
0.9547729867015843
0.9509687434092037
0.9675564178118583
0.9557197047147918
0.9584394627655064
0.947894360755446
0.9403429972336224
0.9494276484859592
0.9488007814507731
0.962070976782093
0.9492688941100301
0.9545409047135088
0.955037889278902
0.957911107155877
0.9582814560230766
0.952177069654377
0.9594062304699555
0.9531506971537835
0.9600021303318975
0.9642889979188745
0.9525610331542348
0.955756008581895
0.9584252173040276
0.9548052973959471
0.9545264636204015
0.9584352690825675
0.9551241117177307
0.9569939009668097
0.9580366427089562
0.9538159123164661
0.960720439365018
0.9599172046678703
0.962374935311848
0.9586599902637125
0.9571489693412628
0.9678060961800634
0.9576751054759176
0.9574874105511532
0.9640335855610882
0.9612859013248152
0.9612114810074555
0.9618466858461183
0.9671849448331538
0.9669410567133117
0.9396945648125696
0.9582054279074563
0.9626903857073998
0.9459236632960163
0.9619474306568613
0.9513435371668699
0.9543120906627456
0.9603940785209337
0.9475437947296692
0.952903622264553
0.9479665582154053
0.9504171508001378
0.9525502740995581
0.9548762188542437
0.9619581766170147
0.9568315983779531
0.9614614651052188
0.9535428745632271
0.9574509878599746
0.9627216982231204
0.9653091861755512
0.9590295932905848
0.9562399321829561
0.947713764268442
0.9451740848797188
0.9508508943648726
0.9556985887454996
0.9661307972061083
0.9639985552653052
0.9622335101938704
0.9350966733313605
0.9470686427347503
0.9531572234018737
0.9549037982553399
0.9483706907934046
0.9372390141642122
0.9395625520894046
0.966663672241441
0.9534896655515313
0.9498434735250697
0.954929578106421
0.9550428453524067
0.9632561864613784
0.9517997384022087
0.9385658425590773
0.9518860524177203
0.9565460156312456
0.9645015904474231
0.9632568656957019
0.9396353253306533
0.965426159481946
0.9570482273680572
0.9479950507249637
0.9482582172318267
0.9430248819120676
0.9428860595650358
0.9546413646226561
0.944609647980015
0.9387475170503619
0.9467675842154856
0.939408052210104
0.9316039220866523
0.8976239421919529
0.9479018211413868
0.9026061032798853
0.906674565982845
0.9507560022416144
0.9209577227547818
0.9472748235587423
0.9405947582327727
0.9081944841882901
