0.8056971671834761
0.7999585513703953
0.8074375423773014
0.804067865903516
0.8115994051587098
0.8130081300813008
0.8150506954705253
0.8185118895423166
0.8473763743421395
0.8549717986212659
0.8470354283321995
0.8349544384150711
0.8455893672704881
0.8392465159017816
0.8414584808334176
0.8367038937518865
0.8319066926966011
0.8224740321057602
0.8311885702705442
0.8258344695248194
0.8283012188337632
0.8253638253638254
0.8236513473886445
0.8322883213539277
0.7885917651129455
0.8037747153984421
0.7805648824807426
0.8300147680399246
0.8276808867646311
0.7148983328514985
0.5523855934080538
0.555363551774558
0.4784998934583422
0.4172506518904824
0.3863031378559329
0.36647897448184974
0.3431756195897071
0.32846600102608625
0.3138204397235131
0.30445850046282014
0.29336245880278994
0.2812050018946571
0.2702165929700967
0.2572296071388899
0.247685865412871
0.2345323216109733
0.22323363675769398
0.21306409887898822
0.20287841544654625
0.18883223567735996
0.1786350770521019
0.16779808529155787
0.15630170987313843
0.14534327133479213
0.13450509412320355
0.12703121839390466
0.11885985430729132
0.11107422653034126
0.10098828457359775
0.0947086140362352
0.08975313035881839
0.07845087595456587
0.06671601441812565
0.06175463080436437
0.04935459377372817
0.06042724335728885
0.06439837915675965
0.04431241079430411
0.04869684499314129
0.025800286669851888
0.02734835686737003
0.01772228989037759
0.012787188909802516
0.0079299569600849
0.004188481675392671
0.0023136767215200856
0.03732214317474433
0.008185864151743138
0.0030255580031317178
0.0
0.0
0.0
0.0
0.0
0.0
0.0
0.0
0.0
0.0
0.0
0.0
0.0
0.0
0.0
0.0
0.0
0.0
0.0
0.0
0.0
0.0
0.0
0.0
0.0
0.0
2.545500827287769e-05
7.612860659273733e-05
0.00022861207071733387
0.0008373721738689132
0.001245678259101078
0.0021846818239552902
0.0012645422357106728
0.0014946547094289912
0.002476185663390353
0.0028142824836042916
0.0018768299091614323
0.0018442367601246106
0.0015586343394359229
0.0009950743818100403
0.0018460310332784513
0.0011244096849154193
0.0006467661691542288
0.00047688369057778224
0.00045054064877853424
0.0006495940037476578
0.000474442530027218
0.0002008838891120932
0.00012623712381337103
0.0
0.0
0.0
0.0
0.0
0.0
0.0
0.012180330830172125
0.01570293231022198
0.012320893264761695
0.0010072138287736492
0.01938693812192611
0.013333333333333334
0.09034381858083394
0.1638031539547156
0.2916225562848472
0.37022886466644195
0.4847738287560582
0.43942636182753314
0.05500721174241353
0.04840711625982623
0.039692526534631796
0.040741544975842786
0.03154227522444057
0.9430719656283566
0.9484086533016196
0.9353130106496873
0.9500766740500937
0.9506721348826612
0.9483522727272727
0.9385845525689009
0.9385710219185881
0.910826594788859
0.9415094339622642
0.9369889644919663
0.9408906419710742
0.9340897428587719
0.9291794347974123
0.9035254616675993
0.8489800335479681
0.7948131593991996
0.7805710738671633
0.7921122645938755
0.783696276567967
0.8095187279906093
0.8397020725388601
0.8275768731052404
0.8489412791966819
0.8585579104642798
0.8564914015713422
0.8634044654122552
0.865176522024265
0.8748286638521848
0.8730046308907654
0.8526632302405498
0.872839573061711
0.8463066351728581
0.8510365462705707
0.8562017387547923
0.8486367065416532
0.8245915735167669
0.827122818288896
0.8202710665880967
0.8454520917678813
0.864516129032258
0.856386751786981
0.8180236799281746
0.8532879818594105
0.8537837390296407
0.7059880239520958
0.8142482517482518
0.85093512403574
0.7112435681899231
0.7642973027783411
0.7244838332684067
0.6946748350612629
0.6712290240929971
0.7247107398338855
0.7174488567990372
0.7681078615236454
0.7681244496624596
0.7332476679992386
0.773652755267423
0.6745186105403985
0.6875534035887212
0.5870411356177975
0.5273957490622931
0.4997412773506801
0.4857164140191441
0.5789715510969866
0.5497761194029851
0.6236764945430852
0.5735206335309802
0.6504739336492891
0.593061585463901
0.572722283205269
0.4920154712212308
0.5387694717605083
0.489402863161515
0.5123904770333658
0.8506611610873519
0.85261552088972
0.8583296246847649
0.8402363949766067
0.8312725148476292
0.8413016882799119
0.8428840853039316
0.8395557077849
0.8347800925925926
0.8110733598124132
0.8205398667114159
0.8416565164433617
0.8427301153019348
0.8412409656325286
0.8207113476893297
0.8362838404260565
0.8433502889031557
0.8669443886769725
0.8779569618965254
0.8886160143259145
0.9088109405992275
0.8987144930541157
0.9002225327330124
0.8889871048252912
0.8869820008371704
0.8761904761904762
0.850625
0.8290491769226774
0.8042940994748223
0.8066463670726586
0.7888692579505301
0.7955581469309869
0.8005756148613291
0.7886513591976775
0.8206133149727239
0.829553264604811
0.8062808010904897
0.8177434408379135
0.8194142605815999
0.8330387774196902
0.8374190204716248
0.842832023169218
0.8500624089868941
0.8431880603202571
0.8599005711867992
0.8452747027470274
0.8595032787731709
0.8448546144121365
0.8410870107205186
0.8371067922260068
0.8462073764787752
0.8426128454961225
0.8481840074703888
0.8419904837430611
0.8363877561047511
0.8367596074027052
0.8400433647070419
0.8525452044025157
0.8372115665465875
0.8343856240893638
0.8320388349514564
0.8218818380743983
0.853594706695635
0.8154637674125127
0.8164145821213884
0.8307609912848727
0.8249487154439777
0.8274635880948902
0.8249434667191033
0.8285658114617124
0.8311040916045604
0.8344282538898493
0.8229582532406723
0.8308506953036077
0.824751402973319
0.8288722692383389
