0.7505503301981189
0.7559968149696427
0.7661088285399339
0.7700686362279916
0.7842773290523253
0.774064837905237
0.7931566121251306
0.7945846398885072
0.805306615647971
0.8136276585021671
0.8139359129383313
0.8159564370285257
0.8264742473252052
0.8194947640081394
0.8254868129159477
0.8212092931872882
0.8201230012300122
0.809807852148829
0.8142274806124478
0.8073762376237624
0.806426060696074
0.7995548961424332
0.7995079950799509
0.7969610542879623
0.8023662805028347
0.7986491150224326
0.8005245447347585
0.8018018018018018
0.8029666254635353
0.8012107490894773
0.7726452001203732
0.7750283992690276
0.7222222222222222
0.7392030658870928
0.6912437859920264
0.5980002803345326
0.5405676278985012
0.45107247112577736
0.41406604279177145
0.3971863242270571
0.3729910078528706
0.3389823701859363
0.33107653323831016
0.3001785852938893
0.2705581272816228
0.2516858901131297
0.2393806921675774
0.22576909156713718
0.21443387454402404
0.19989327641408752
0.18980309423347397
0.1781713805656679
0.16620498614958448
0.15714875464428238
0.14388513628186417
0.1335541211854956
0.12307435254803675
0.11490817309288964
0.1045732404955706
0.09821661025774538
0.09199214347812087
0.0861970035065349
0.07822859499413128
0.07177814029363784
0.06356155876416705
0.05717009564227942
0.04983913069871911
0.13483108108108108
0.14885535365978853
0.1367114140641302
0.16204449624627199
0.12182397181380852
0.021160876155377893
0.019271187945886743
0.019111795288855326
0.0317741032216229
0.48660569763677564
0.23225868601888125
0.1859667233422395
0.1424111917218256
0.13555478018143755
0.0968386116892614
0.07510976948408342
0.03607348799785436
0.013387992320066421
0.0
0.0
0.0
0.0
0.0
0.0
0.0
0.0
0.0
0.0
0.0
0.0
0.0
0.0
0.0
0.0
0.0
0.0
0.0
0.0
0.0
0.0
0.0
0.0
0.0
0.0
0.0
0.0
0.0
0.0
0.0
0.0
0.0
0.0
0.0
0.0
0.0
0.0
0.0
0.0
0.0
0.0
0.0
0.0
0.0
0.0
0.0
0.0
0.011211655568835013
0.08108671070642147
0.12473839714391234
0.12387084674772607
0.13903237999244047
0.13104814137720902
0.11640928916656842
0.20086335713099784
0.22722121097640555
0.4548032021347565
0.1221418991855026
0.058014386909011034
0.05429412241151219
0.04665167817568653
0.04268778905959279
0.03937463810075275
0.03352685809927297
0.029345372460496615
0.024751711007049863
0.8176676964968319
0.8174302264349658
0.8578614311212072
0.8591336286053797
0.8713231243803019
0.8771366358192706
0.8289360789360789
0.8917970707801971
0.8839206066012489
0.883934535738143
0.8836197277393439
0.8603305785123967
0.8842522764091392
0.876320939334638
0.8394223983497096
0.79826188331302
0.8191021360046642
0.8103712309235888
0.8136488485104585
0.796701839970306
0.7808622502628811
0.8001701132316198
0.7844694345253957
0.7439942262088876
0.7513219203183079
0.7773211086521236
0.8008010680907878
0.8488238825519838
0.8300886869997837
0.8412042823759578
0.7808055020059397
0.8137130130448615
0.7480657887995081
0.7721806451612904
0.7767315337936807
0.7765940697979533
0.7504677754677754
0.7559297294479487
0.7448218724109362
0.764406156432211
0.7887413364372255
0.7755907583811379
0.7448016154559843
0.6573299381593307
0.7777898216898813
0.5284571221915827
0.7255951762137436
0.7342679290683685
0.698545111475247
0.7542486250805133
0.7609790491539081
0.6859323882224646
0.5955996971451476
0.7560050568900126
0.601390441927172
0.8532382310984308
0.7588003933136677
0.7699603552968335
0.8212293499249088
0.8715959821428572
0.7898888300688195
0.505050057588376
0.5025918413342348
0.443029490616622
0.38855574324324327
0.3236987473741539
0.5887361942500632
0.8022298167964592
0.6098974587605885
0.4579054651744164
0.2147041966503216
0.23284582178983312
0.1525859098455659
0.3445988984225711
0.22872106774793038
0.2606924643584521
0.7778902798232695
0.7771681497533312
0.7806684566243867
0.7648414454277286
0.7559450454151262
0.7699257825104873
0.7696053889217604
0.7778136978709648
0.7565614130189275
0.7460747157552788
0.7651315190679895
0.7720188139813705
0.773500323504945
0.7697554637835832
0.7444774754173337
0.7484869484869485
0.7632213768788273
0.7851900639819345
0.7732696897374701
0.7971090795960369
0.7692924528301887
0.7877401210734544
0.7768703038222803
0.7850080045201996
0.781981373353279
0.7824172634023612
0.7818896110194975
0.7450813065946048
0.7520404197434901
0.7527990571596935
0.7357897322525178
0.755952973996214
0.7355561084846977
0.7268513904116416
0.6859698211252123
0.6914037105565835
0.6690822454956072
0.6623184838789072
0.674771588564692
0.6789395441030723
0.6831992850759607
0.6925153374233128
0.7026800256650708
0.706049752220205
0.7280023929408246
0.754694892932052
0.7618153982912736
0.7845249755142018
0.7618928141308712
0.8151102303690859
0.8374697784575912
0.8401697312588402
0.8405831969974016
0.8223599523241955
0.8156392963259916
0.8389003700677656
0.8253533314104413
0.8329899870646289
0.787751134154245
0.7810222345234801
0.7763751957983968
0.7734404010397327
0.7838757810314277
0.7744928887852647
0.7791055923816637
0.7737304279143242
0.7854314002828854
0.7795205543590223
0.7862552063612268
0.7851809847840469
0.7855484482350154
0.7878299606653714
0.7798882152330429
0.788948069241012
0.7857210491430736
0.7779977375565611
