0.6942395854096073
0.7673033477100021
0.5826348691826811
0.7706032719836401
0.5863466764936202
0.6063073664391622
0.6148141281171781
0.5898362455402067
0.6278993486715712
0.6330060776063581
0.6557115969306501
0.6630403664471801
0.6840102134219781
0.7026143790849673
0.7012454141726202
0.7198655822334779
0.7402108806494728
0.7327065809005443
0.774390243902439
0.7841532884515795
0.7971870751856112
0.7984308356589964
0.8136946914434802
0.8117362045760431
0.8171765968867418
0.7951537147736977
0.7737183264584561
0.7529592052420208
0.757024882024882
0.7304315633594246
0.7493548217201242
0.7503403497748455
0.6793614357262103
0.6177627597337099
0.6043894203714125
0.4764672792049503
0.41554807398014953
0.3898723404255319
0.36844747521231647
0.3591332523288781
0.34886624511659753
0.35542604501607716
0.34547913600381874
0.3272418021439025
0.31675688305619376
0.30167338084908585
0.2839273343083673
0.2722705832726157
0.2627899947101942
0.24573683818601533
0.2389878512335097
0.22811093899830345
0.21150033046926636
0.19880152533139642
0.18296214206556322
0.17350113122171945
0.1593134674107613
0.15116840146136348
0.13740092921563268
0.1260041004268477
0.1176178331290782
0.10888223881087836
0.10694050991501416
0.10356930212152549
0.06832886739428795
0.09814466254369454
0.08644333124608641
0.15620469477775378
0.18288735779522514
0.20623854412149778
0.26181336413357337
0.1990774062684028
0.2778913096186485
0.3512935800103192
0.2631312107077672
0.46297672599256795
0.006579990486760742
0.015076368840526069
0.009251036116044997
0.0016437684003925417
0.001971220185294697
0.008636828836025063
0.026030145583620556
0.014032725766362884
0.016759488448844884
0.008603761885076477
0.022036710567250855
0.019368923412789073
0.018544863326897674
0.007413010590015128
0.004767879548306148
0.00015036840258633654
0.0
4.948535233570863e-05
0.0
0.0
0.0
0.0
0.0
0.0
0.0
0.0
0.0
0.0
0.0
0.00040514534589283904
0.0001764246288781914
5.035500276952515e-05
0.00015065913370998117
0.0003531696980399082
0.0
0.0
0.0
0.0
0.0
0.0
0.0
0.0
0.0
0.0
0.0
0.0
0.0
0.0
0.0
0.0
0.0
0.0
0.0
0.0
0.0
0.0
0.0
0.0
0.0
0.0
0.0
0.0
0.0024711473183978276
0.001713845011282813
0.0003116941996543028
0.0021224723935178544
0.020505510170513733
0.046680497925311204
0.23950555535707907
0.1393166153394926
0.11829912531393436
0.32055579056978295
0.312746038572232
0.35429696948754275
0.4140825950271506
0.44615263323872595
0.8783981951494642
0.8811546840958606
0.9021892059204232
0.9038056772285112
0.9044155253736432
0.9048435001142335
0.8523561893529191
0.8413625304136253
0.8700724054706356
0.8792212267401792
0.8763740909859631
0.8827338961489534
0.8796258876508285
0.9074203710185509
0.8677895200352268
0.8579339839894725
0.8271334792122538
0.8263662152759192
0.879842528670052
0.7970128988458928
0.8643190056965303
0.8408293111013603
0.8424941229150341
0.8797436042883885
0.9051793747837121
0.9204168364673692
0.9197172576288719
0.9334521004539968
0.9250028581227849
0.9394527903124464
0.9377363815975163
0.9535523825907449
0.8719832109129066
0.9453875812856074
0.950637218153509
0.9555619266055045
0.9330570425372705
0.9419599288133648
0.9043356643356644
0.9433344815707888
0.9467735424715991
0.9334981032302564
0.8762850261411033
0.8099322321050403
0.9453475499621279
0.8328686493184635
0.9325804047468899
0.9505883697018165
0.9230855729225234
0.9269101184653842
0.8599207397622193
0.844599229592106
0.815731859883236
0.9059782010349003
0.7876719576719576
0.9494658997534922
0.8457380457380458
0.786765457332652
0.7506052096446209
0.666539233489439
0.8071204612116921
0.7985353535353535
0.7940656118889956
0.5977044476327116
0.5871545625731589
0.7737528779739064
0.7880830545168274
0.7494558003716485
0.7662892434379825
0.7731689430745257
0.7747060037136373
0.7873627248129874
0.8036997319034852
0.7474419049440566
0.6213446978283538
0.5568530207394049
0.8624905660377359
0.866727199354318
0.8482057476470884
0.8467068293423784
0.8350060216780409
0.7936366780297416
0.77643299767622
0.7729428445704787
0.7552075851170809
0.7458171532671748
0.7402242668200115
0.7152669224574866
0.6912597724825617
0.6822290560059641
0.7021616541353384
0.6991751804292811
0.6504689223979404
0.626604592297957
0.6342376867134085
0.6619507908611599
0.7056758078136806
0.5940507052155192
0.6068914573737725
0.631697883620877
0.644946691338444
0.6125817772193579
0.6067563422862902
0.6043936731107206
0.6062725337735111
0.5786359120556347
0.5713729561380743
0.5896811241136295
0.6200342390588648
0.6108389739935874
0.6055784015733953
0.6249434337949136
0.6244702665755297
0.6286682232294099
0.6439963751699139
0.6539561047583917
0.6668524970963995
0.7401842664776754
0.751694393099199
0.7898911729141476
0.8477691610434082
0.8856780735107731
0.8611618931545806
0.8814788153023447
0.8645414320193081
0.9277959312743754
0.9422205835879068
0.9494563776186687
0.9399110180581
0.9383485656928522
0.9342181188690133
0.9146701164294955
0.9265216020182908
0.9226980506014102
0.9136831275720164
0.8913595288861813
0.878899732011933
0.8724665585731658
0.8876587929187286
0.8626412429378532
0.8602194024569031
0.8584369181218862
0.8631600366263099
0.8429983032238746
0.8585248502840763
0.874941935483871
0.8754283933949527
0.8885235634883357
0.8794865077285826
0.8917778598175202
0.8836553524804177
0.8959404174971153
