0.6223330957472084
0.6263212533031333
0.6385958272224062
0.6427495291902071
0.6588017470565894
0.633885698145184
0.665440309419367
0.6695902296411562
0.6727436310256653
0.6863905325443787
0.6877525495478161
0.715939105796475
0.7330465464739717
0.7373928208109286
0.7663505719034118
0.7643910272006228
0.7680989392384026
0.7737386552161608
0.7467010761065395
0.740780073373238
0.7561059007424775
0.76586325627152
0.7446757135268267
0.7551682401355604
0.7411446771547148
0.7401806850572491
0.7381505126716966
0.7466498349194018
0.7029118019412013
0.6216407022167836
0.6145962022420499
0.5922756925404179
0.5659699542782495
0.6066339640270965
0.4787289687036876
0.45999316122414086
0.4712032606769449
0.4535767991407089
0.44948357206613676
0.43604080413163177
0.407451564828614
0.3755316487365524
0.2918520791775357
0.27663848982222056
0.26733343359903744
0.2571022195605794
0.23999556590178472
0.22554128440366972
0.21350920423249747
0.19815535379737714
0.18657827566647758
0.17197653588113387
0.15733584012255414
0.14651154762315738
0.13416584436353737
0.12526675925612277
0.11470745749096264
0.1083729117539606
0.09940005901058913
0.09152697447962618
0.0858642790428033
0.07867607162235486
0.07066266012968528
0.06459007127829937
0.05939359945155963
0.053789050417568825
0.048779742814380404
0.04414132515113771
0.03782627042015794
0.03194382190348125
0.026826297495618073
0.022492472991321802
0.017152708783823273
0.012289233815777978
0.007969047756539817
0.004937772515953914
0.9389214612460537
0.9426976386036962
0.9053132236059829
0.8966095380029806
0.9098211484154377
0.9055004395328394
0.9140926031204598
0.936883250032039
0.9440886384014346
0.962056462056462
0.9535508637236084
0.9782594545336197
0.9640630022500803
0.9766059196070829
0.9485518292682927
0.9626523898600271
0.9257028112449799
0.933455859053172
0.9085510688836105
0.9122378716744914
0.8932796531433881
0.8792492051846417
0.8781244298485678
0.8807106598984772
0.899105307701608
0.9079303907990607
0.915566009287739
0.9292109849167718
0.9355033152501507
0.9595134238496037
0.9445828522817038
0.9586377708978329
0.966212397161339
0.9706612359193025
0.9464477423429113
0.9273332495917598
0.9377018043684711
0.9182764676367285
0.9108966376089663
0.9151631240731587
0.9007946210268949
0.8959729517599468
0.9078057400524039
0.9099494303296167
0.9246153846153846
0.9375311410064773
0.9380928607089366
0.9510077322854608
0.9519933871685636
0.9515398839507747
0.9439531776830588
0.9403022670025188
0.9399711761388558
0.9442105924483257
0.9356103023516238
0.9297607301430686
0.9375654853620955
0.9452250683909476
0.9534694897258135
0.9639588461781229
0.9768586588250335
0.9844054580896686
0.9712131147540983
0.9725016329196604
0.9630993882786292
0.9557202833901863
0.9646696381751442
0.9421852669871379
0.9360603909929673
0.9529112934740133
0.9309593954143717
0.9504431649091026
0.9501607717041801
0.9539393158538942
0.9806371426702427
0.9883052527254708
0.9667137900012852
0.9608770696158025
0.9560299098868793
0.9475920679886686
0.965926021895446
0.9560865353567969
0.9707712248865846
0.9622323166774821
0.956703820630114
0.9564343598055105
0.9630857217131344
0.9685326051622131
0.98199908358971
0.9842555693473575
0.9854416683061185
0.9907676074914271
0.9813466787989081
0.9695326620191066
0.9345381018577025
0.937890575181737
0.9566246561320453
0.9458892350734406
0.9717517818609821
0.9643620812544548
0.9727935861207859
0.9299305734121882
0.945472
0.9018110683410109
0.889085062109843
0.8803181416487817
0.8768688990485605
0.860293204124736
0.8447609109324167
0.8637258520979452
0.8389794298968443
0.9370466321243524
0.9053367217280813
0.9240985499807519
0.9076453377432897
0.9417158245704027
0.9677564970658412
0.9501028806584362
0.9407206753181303
0.9567657186583344
0.9217473884140551
0.943990813983159
0.9699418228829993
0.9588084561178731
0.9584670689433817
0.9554474459096146
0.9627946237257321
0.9769668737060041
0.9798267166688219
0.985589094449854
0.9872590656648155
0.9832684824902723
0.9621329211746522
0.9659017661467062
0.970976598248137
0.9510169927909372
0.9639773166645186
0.9628077865154054
0.9775135693977772
0.9756664300006455
0.9824105925877847
0.9730025773195876
0.982527929332294
0.9802232230272175
0.9833941130502735
0.9830730875213226
0.9840199096208003
0.9774616783580151
0.9863279984448908
0.9773934447467288
0.971049457177322
0.981326341369828
0.9436637157184424
0.9362478357655206
0.9584009993753904
0.9645501317605722
0.9811616954474097
0.9741244282939665
0.9774755100767455
0.9723880597014926
0.972563447028746
0.979073522106309
0.9764326469858596
0.9745337381498234
0.9847816634573576
0.9878901373283395
0.988709070380128
0.9827596976700606
0.9836423799712806
0.987271131176323
0.9814653020469296
0.9791106385640128
0.9809004947084977
0.9842128435750677
0.9746835443037974
0.9679471189822898
0.9739315703722271
0.969483275087369
0.9648793900762405
0.968789013732834
0.9559416692522494
0.9546473959631199
0.9551914603115497
0.9620450714776203
0.9595657057281917
0.9633170853643295
0.9650524213679481
0.9484702093397746
0.9737105033096041
0.987143937484245
0.9829706717123936
0.9851534977352793
0.9856601389766266
0.9828042328042328
0.9784837362359196
0.9843918533088002
0.9777932872279678
0.9712312274253849
0.9784048923429737
0.9851050286441757
0.9756313690739921
0.9805128856163514
0.982911432761589
0.9844926611359285
0.9719129554655871
0.9423198683044194
0.9577410679984633
0.9524416677291853
0.9777388369678089
0.9714470702492716
0.9745114698385726
0.9730791904106897
0.9611992945326279
0.9465915711788697
0.9439379243452958
0.9244430299172501
0.9783231350084625
0.9395760835178741
0.9332743586503223
0.9225951903807615
0.9350428427419355
0.9459680978500725
0.979165318667098
0.9881534895699202
0.9561514195583596
0.9317586937554531
0.914579080843694
0.8890855817360518
