0.13591783863804588
0.12783201326211088
0.11591948764867338
0.10603642932410055
0.09654392956992446
0.08697079094191007
0.07809887047088163
0.06966325036603221
0.061861029284352796
0.055449496702533844
0.04743377009784288
0.04127627970749543
0.038381156800723
0.03066123824231363
0.02783355644801428
0.02181476776937096
0.019042928671099073
0.014926993432122889
0.0108598024005879
0.007765685879349725
0.004243281471004243
0.0015776302905015777
0.0009467135515282662
0.0001898150658929443
0.0
0.0
0.0
0.0
0.0
0.0
0.0
0.0
0.0
0.0
0.0
0.0
0.0
0.0
0.0
0.868095823815381
0.963955045711291
0.9789086235101659
0.987439103128485
0.9747195908641831
0.9927854092115895
0.9714766073395559
0.9898095072665162
0.846606648199446
0.5957694546865904
0.5285319615128132
0.6757745913967713
0.43617532666171394
0.3995936476344487
0.3871403983280059
0.37480629638691787
0.36487411883182275
0.35020826658122395
0.33421971741546275
0.3233141867967582
0.30785454829512165
0.29498570655953027
0.2803342490842491
0.26986780124601123
0.26182738814993956
0.24922235130982273
0.24010544293458083
0.22924465976657124
0.2162112799532437
0.20490537580349769
0.18648966920029975
0.17595079881238512
0.1608012046083272
0.15521531761940968
0.14253744190049922
0.13543328468144328
0.12381690188285223
0.1135756015447074
0.10419543631222464
0.09688188772202774
0.09255410978611849
0.0848722489248672
0.07458417534587285
0.06580877857928842
0.36745160049574765
0.48642533936651583
0.8859995611147685
0.8784007049234497
0.9144573664774293
0.9020871193347652
0.9092905776411158
0.9311813862035064
0.9187442289935365
0.9393644617380026
0.941565840160599
0.8342674139311449
0.8903179509825568
0.8750474743638436
0.9233619021288361
0.9025308744531206
0.5535705170741667
0.5489601839272651
0.5384210803134697
0.5095595675560526
0.5225901243637509
0.36058994682452095
0.7980785250180485
0.35434753572859623
0.3536183401387317
0.3153921488615033
0.3022171780633132
0.2826342451874367
0.2842276681097827
0.2675565646285133
0.2582811960234906
0.237084764072688
0.22330761336424798
0.17174421235200965
0.18958566629339305
0.14710520387474657
0.16842729530375478
0.14427621861152143
0.14795658191884606
0.13145317231566273
0.11500361532899493
0.1033669311601973
0.10045158766845642
0.0906589530125582
0.09018050038330197
0.0812813021702838
0.07103145826858662
0.06231879114506941
0.055583903119365924
0.05059304429404275
0.043029432399024486
0.037138790506769055
0.03199711796685662
0.02440145817596637
0.021018169913242755
0.01610964955016402
0.013088411572229241
0.00850022538476399
0.0
0.0
0.0
0.0
0.0
0.0
0.0
0.0
0.0
0.0
0.0
0.0
0.0
0.0
0.0
0.0
0.0
0.0
0.0
0.0
0.0
0.0
0.0
0.0
0.0
0.0
0.0
0.0
0.0
0.4588752518776333
0.07151413124413221
0.008364083640836408
0.4001215119559085
0.017262676795750727
0.004823769642804297
0.0
0.014383499683382083
0.017188217542478516
0.22960688940275895
0.034246004169562194
0.029271631982475357
0.026374996611639695
0.0245124019503922
0.021764752101830754
0.019753406878650227
0.018697132246750566
0.011807166795565868
0.9889903329752954
0.98652059502712
0.9827475353621946
0.9902549943154133
0.9814654706581649
0.9885785428169319
0.9890754493595953
0.9866523143164693
0.9916333801144338
0.9912112496005113
0.9866295860519841
0.987351270232608
0.9895394139937023
0.9898650450738785
0.9854980079681275
0.9869872550069616
0.974816147293794
0.9848902555402397
0.9864540557836915
0.9789601992686416
0.9877548847361977
0.987963998508814
0.9880429606899106
0.9563193136639464
0.9851271809964263
0.9521516234270623
0.991711386217523
0.9851598782896492
0.9896386965158104
0.9915718273566674
0.9924361121616511
0.990929335723209
0.9908789836581791
0.9856862958528355
0.985313387202446
0.98888647945354
0.9882953020134229
0.9862948207171315
0.9906651108518086
0.9908368002527779
0.9853545464123907
0.992162844519251
0.992867332382311
0.9911917648307333
0.9896995250040028
0.9917337627482555
0.9871989585593404
0.9575725960702487
0.9779098910065862
0.9726948488569257
0.8613243761996161
0.7831521478856377
0.8236347358997315
0.8559722659943272
0.8761492409664314
0.9210571873737665
0.9360543453851337
0.9477101845522898
0.8507144030218426
0.9889325240985363
0.9728625620075868
0.9367423796634106
0.9642033015797882
0.9780857616678512
0.959037113638975
0.9588365071992568
0.9052942539388322
0.965795360885435
0.961484593837535
0.9735693077953077
0.988271676975143
0.9863172541743971
0.9406303724928367
0.9840941716910709
0.986391419674778
0.9848669333797182
0.9866447985004686
0.9874339401056959
0.9831243407945622
0.9818503241013553
0.9305596078660209
0.9850658166578125
0.9775280898876404
0.9875037015102162
0.9820562277164065
0.9788479369494668
0.9809213587715216
0.9772858295860717
0.9824208651691848
0.9879504045637115
0.9885182223237747
0.9830305107987659
0.9869132290184922
0.984908933217693
0.9874294360705348
0.9889595375722543
0.9908347351934567
0.9824399792734182
0.991992108164568
0.9832392581499827
0.9949308755760369
0.9835831140601762
0.9903306120085693
0.9916383138227323
0.9870624927804089
0.9803063457330415
0.9823801270941652
0.9865207373271889
0.9808035971637747
0.9746936905988778
0.9876493099849241
0.9835104221099692
0.9842941073817695
0.9859655252737014
0.9802834976375197
0.9903384471249561
0.9838106370543542
0.988102215449537
0.9866923481001576
0.98683440608543
0.9815476876946142
0.9874096525996736
0.9926474878916963
0.980925488388175
0.9844020797227037
0.9916598623585676
0.9811787728790147
0.9849087034157019
0.9892677860481218
0.9912671331906773
0.9893032668401271
0.9910371318822023
0.987012987012987
0.9831476885785191
0.992999241584505
0.9882867132867132
0.9902196193265007
0.992209922099221
0.9856320167529521
0.986996940456578
0.9873395667576514
0.9899423597223856
0.9776005629177905
0.9903851791053526
0.9866752758863583
0.9560420315236428
0.9857354246818585
0.9853590518243086
0.9877925326028703
0.9862684114781997
0.9891252674114571
0.9798909538605851
0.9678115342002449
0.9820606632833707
0.9802647128338454
0.9805923200189922
0.9758317083259469
0.97437718208178
0.9747409326424871
0.975558991436727
0.9609969444610869
0.9829620710415412
0.9821706353954769
0.9647361185822725
0.9617654142581888
0.9624712016490845
0.9735765017455158
0.961281387366773
0.9888480318283199
0.9810268533672789
0.9227764423076923
0.9341052882893638
0.982219234999389
0.9869057088661812
0.9850918826822441
0.9874617737003059
0.9578251727245419
0.9854001221747098
0.9818070444104134
0.9650851581508516
0.9886043377037128
0.9700095969289827
0.9887803990539147
0.986819830713422
0.9887626872885452
0.9842808961695977
0.9637447823494335
0.9865711188726967
0.9877173091458806
0.9847582010913881
0.9902777777777778
0.9915622441911719
0.9804495361434531
0.9805399394575894
0.9832357473035439
0.9905932984936981
0.9823143308617965
0.9889388598517078
0.9907968031000243
0.9765625
0.9465703540087159
0.9841067637245982
0.9912543575316495
0.9755609460278957
0.9930142145547322
0.9874248558459084
0.984895547840916
0.9835074216602528
0.9818946598390637
0.9848531494366111
0.9906536271354296
0.9887071891391546
0.9900124069478908
0.9891979140799603
0.990587652486222
0.9860299095328944
0.9823839921433832
0.9895564565671459
0.9873766774924934
0.9934596577017115
0.9889353331694123
0.9814410480349345
0.9874507874015748
0.9864433811802232
0.9805612926740371
0.9798803697661773
0.9854147675478578
0.9883342543132559
0.9846926427879962
0.9942710872745002
0.9918644891020582
0.9936877882981306
0.9900205636869481
0.989694471387003
0.9878262976197686
0.9905450124940907
0.9895925447248487
0.9922527215654845
0.9923061483909814
0.9931134949013376
0.9937801892410507
0.9884431019764922
0.9889020225899658
0.990073145245559
0.9811247324382175
0.9915025360648179
0.9904431498330825
0.991554499868039
0.9871524575042825
0.987109634551495
0.9900957411687026
0.9923477801965829
0.9858859055996849
0.9899703068294292
0.986230977007708
0.9917295222972079
0.9896838156484459
0.9877357246472372
0.9838783970520497
0.9930848261327714
0.9879818743022263
0.9934417797209542
0.9683384156231752
0.973772356695949
0.9855353222265272
0.9829421572399641
0.911830504013686
0.9577964764659479
0.9917283120376598
0.9832852252131301
0.9827723297111052
0.973380244291025
0.9456672615506643
0.9913026419042636
0.9748411526859637
0.98722686896194
0.9796990530548709
0.9834828976459877
0.9894688942338946
0.9839087947882736
0.9842370331610962
0.9865435356200528
0.9222065063649222
0.8964253529588465
0.9146956891834377
0.9456575682382135
0.958554009114423
0.9719707304973335
0.9413557668861253
0.9534968875869645
0.9322790922259778
0.9299789093100331
0.9248480383127647
0.9242606395768214
0.8687998096824076
0.9025728339008702
0.8912291732159698
0.7353557046979866
0.8259968007583388
0.8908135826402351
0.9281540930979133
0.8550190597204574
0.8865148413510747
0.8512286494380595
0.5638297872340425
0.4350126388807242
0.8661377660244302
0.9411620795107034
0.9213449050191176
0.8763664448669202
0.8812372861074548
0.7284487827825473
0.4075494439270257
0.5445342984787649
0.9342761537975882
0.9728904161893852
0.9780932802261338
0.9741588844825381
0.9723185613359023
0.9556058605294598
0.9506634273967483
0.956015442060629
0.9704890924123895
0.981244019138756
0.9428408297912834
0.9409319352236769
0.9761378700839594
0.9600352445087796
0.9315769990128332
0.9914710826122144
0.9834066002105133
0.9908320687910976
0.986949846468782
0.9930809399477807
0.9902261028213983
0.9811197491343829
0.9935327933106872
0.9879100771141027
0.9878111698697278
0.9817555498851748
0.9889886067086755
0.9865042997928567
0.9866742095669118
0.9892208774583964
0.988495575221239
0.9946188340807175
0.9865985960433951
0.9855288773523686
0.9876751427088739
0.9812548815412653
0.9793278294220893
0.9787997181835649
0.9874006590424501
0.991405297928292
0.9911250159622015
0.9877620183255931
0.9889126874133803
0.986922736749005
0.9927434754933163
0.9923961661341854
0.9930868062349182
0.9931233217630493
0.9811156499028996
0.9880842049516748
0.9818230961551456
0.9905292853304675
0.9925772368597031
0.9904940420404338
0.9899946991783727
0.9751446607048921
0.9868034232703992
0.980761706012782
0.9836938868316767
0.9812455074168464
0.9913764944143203
0.984917642389363
0.9924543288324067
0.9894634776987719
0.983217970484524
0.9869348683785008
0.9839922229423201
0.9781804013247614
0.9501419797926435
0.9868972746331237
0.9901438990735265
0.9846535623326585
0.9781395952257395
0.9868463681720987
0.9711001428756981
0.9790893976211792
0.9792712759109051
0.9859063453919594
0.9809443834377625
0.9800882085873655
0.9833160889808588
0.9895445337515519
0.9857958230639512
0.9853799252606045
0.9893894024215597
0.9882957279406983
0.9868634974312285
0.9915833771699105
0.9872187805673296
0.9860649866510386
0.9878001043841336
0.9808361225963116
0.9916764975750426
0.9874185136897001
0.9932706128315694
0.9909681611435998
0.9864139224946626
0.9888115527223054
0.9808760821811604
0.9792857142857143
0.9840512451794234
0.9865833007685294
0.9881840385503994
0.9903327633828752
0.9877344877344877
0.988872355567057
0.9829165313413446
0.9897487818768588
0.9894393241167435
0.9914985407943154
0.991348825460975
0.9946031746031746
0.9876699336073348
0.9947398440965841
0.9802788594397689
0.9773169965441407
0.9928553363682348
0.9952570669702144
0.9875015860931354
0.9879252877177536
0.9880733362938527
0.9882041254021321
0.9858264700248994
0.9951533703207703
0.990013443441521
0.9932726806765761
0.9866143252461549
0.9940162141294556
0.9819300269127259
0.9879610655737705
0.9916334148539065
0.9887143315165117
0.8742028260597724
0.9777463339336249
0.9423412929528246
0.8745901639344262
0.9848524590163934
0.983754749115682
0.9816410392364793
0.9875273668148344
0.9837187666135034
0.9902790636159238
0.9829448175951534
0.986718390426721
0.9618147692705974
0.9818614523702321
0.9820409751037344
0.9879549114331723
0.9913380736910149
0.9775616577676074
0.9767322277927755
0.9863723608445297
0.9881471040492056
0.9881135954767412
0.9825797361342385
0.9720556335332398
0.9868038036095479
0.9828736369467608
0.9846312798656851
0.9775675848405445
0.984006734006734
0.988468930172966
0.9817865877204274
0.9791613398107901
0.9842253161323286
0.9744992050874404
0.9806529625151149
0.9783187523773298
0.960042991717772
0.9725811534825086
0.9811918181242479
0.9835298641374006
0.9686437476388364
0.9842168904728569
0.9345212136315494
0.9853209853209853
0.961681404587979
0.9814508956930504
0.9632678910702976
0.964031046885846
0.9262846215532663
0.9388081753262744
0.8322043969102793
0.5795246800731262
0.6706512999195926
0.6437409928937037
0.6102739371342758
0.5209439243316282
0.511996885190052
0.4643673780487805
0.4720669056152927
0.42912531733210246
0.4330133458206509
0.43469091249941416
0.3989509692132269
0.3853374037453866
0.3730595667870036
0.3581565076361671
0.34751207408392043
0.3393004921817152
0.32304304650058285
0.3712579921243172
0.37649301143583225
0.963003663003663
0.927986613279149
0.9744761208576999
0.9852222765021983
0.986465890385905
0.9883635920555623
0.9744810744810745
0.9854571896018905
0.9896113419701784
0.9860923076923077
0.9866570065809334
0.9806601183576353
0.9902561588429954
0.9742308863844045
0.9794215795328143
0.9675778377053199
0.9750761389769408
0.9802344431974062
0.9776664192031675
0.9925688015618112
0.9817411354147193
0.9773462783171522
0.976365677226241
0.97155550070957
0.9778880313610192
0.9231961319117282
0.9946527389168688
0.9844248221731665
0.9939606828125963
0.9911716019863895
0.9725766871165644
0.9898424670032236
0.9856424547161811
0.9884414386719951
0.9888210140500916
0.9800350898420958
0.9867349457058243
0.9930568356374808
0.9791409528511479
0.9816451810926949
0.9692307692307692
0.9767356881851401
0.9816932246685318
0.9888462241726093
0.9895307078945766
0.992262702570976
0.9870216507975014
0.9335035326248293
0.9326669858750299
0.9320376844225869
0.9311027163158841
0.9159372720641867
0.9118475073313783
0.9034592304977056
0.9014581645642865
0.8888762056960219
0.8786922209695603
0.96939427376735
0.9388090349075975
0.9376419213973799
0.9240180296200902
0.9550621669626999
0.9528313109683559
0.9404559573345836
0.9801413255360624
0.9622882127892148
0.9351048445408532
0.955786895284752
0.9437772925764192
0.9658767198012
0.9595068294451832
0.9696361202385299
0.9652629654457919
0.9428709171989876
0.9476167432857489
0.9532840523509453
0.9496151996151996
0.9601917592086898
0.9651650556264818
0.9663283582089552
0.9073401372311596
0.9538139395752319
0.9372168284789644
0.9388183195431767
0.9275970619097587
0.9461656261043704
0.9611299032698356
0.93764352587882
0.8997344724082198
0.921184887364749
0.897867298578199
0.8893823900126043
0.8980166576787105
0.8652017248508477
0.5194485475135401
0.7101663090128756
0.8178954001260239
0.9036908881199539
0.9302748251363111
0.8484746711446963
0.8380984991154483
0.8197726862709724
0.8450678288625622
0.8981548839362476
0.8369350493864113
0.8480309555014667
0.8082298136645962
0.760556621880998
0.8008219667639526
0.8184429417748789
0.8553897978825794
0.8113362701908957
0.8518254251397313
0.8268137170429088
0.7828841280810873
0.8992394316372856
0.890625
0.974744695162967
0.9106216053108026
0.9642835225529304
0.9644826959209649
0.9206737774669231
0.9228886865467789
0.9601698463010585
0.9539349741719843
0.9669994619477491
0.9622998286355847
0.9722435935373143
0.9802783535682559
0.9751044670708022
0.9687001712632138
0.973375051655942
0.9618307224690203
0.9731614415470261
0.9691619585687382
0.9713225768460723
0.9790234865236359
0.9752874244399669
0.9806505720960882
0.9172833132564676
0.9766240009614807
0.9896913504940832
0.9901399878271455
0.9891991408407487
0.9929777831587868
0.9911993202233552
0.9807680786052364
0.9925032985486386
0.9916322993246071
0.988596543327196
0.9868374032162002
0.9743908209131772
0.9929162450145842
0.9338463305386471
0.9324489439692791
0.9896080218778487
0.9892125792296441
0.9854014598540146
0.9863994704218572
0.9913303620489652
0.9914854517611026
0.9887674745131555
0.9848808144851552
0.9865119387569111
0.9644223869887587
0.9841193164663969
0.9875561490834042
0.9819269898264512
0.9908706166868199
0.9710652961796684
0.967120518461264
0.9815994759721313
0.9832653550863724
0.9843910702401839
0.940601547501309
0.9886700999697061
0.98568281938326
0.9847398986778698
0.9917319408181027
0.9851099619961373
0.9854839705973192
0.9928798950721379
0.9855396263886304
0.9865284330767321
0.9918461346943857
0.9794728682170543
0.9709691278463144
0.9892526868282929
0.9778329491044512
0.9738734419942474
0.9834940543098858
0.9800557962842049
0.9804567930303744
0.9732443446931663
0.9851453301362653
0.9536477695167286
0.9663203362129349
0.9695150938911338
0.9848047588197185
0.9724239740183053
0.9707653628018477
0.9846908618039958
0.978267359245328
0.9891879047109844
0.9528780196838652
0.9330824414912384
0.9840018960715767
0.9782558408512607
0.9798233814842974
0.9846081816585709
0.9816460135609072
0.9831231020789535
0.9661625375154476
0.9486576984080362
0.965464131271844
0.988287056305369
0.9734971690157812
0.9737000481463649
0.9719070772555376
0.9756982227058397
0.9778323647474687
0.9873799891310912
0.9852311772861535
0.984529591653175
0.986201103911687
0.9867661212704524
0.9849162344243725
0.9885119368156525
0.9840644478419381
0.9912108795059089
0.9898620770953672
0.9882046114634581
0.9908338789357777
0.9911988582302569
0.9871771932963559
0.4263035828534869
0.40669856459330145
0.4003174603174603
0.3856722656552365
0.3727468230694037
0.3708948707240214
0.3519887764001062
0.32342591899378603
0.3111556148939327
0.3115960601955256
0.2915946293912084
0.27091590008362726
0.2558006506739123
0.2467500698909701
0.24126421195368727
0.2281114635560558
0.22169317529463411
0.20942772080714522
0.23941115702479338
0.17376152167540632
0.17734719596723378
0.15355637849572212
0.12835487474070528
0.12970737712680325
0.11675915649278579
0.10545669855713796
0.10718797372410309
0.10043762996989354
0.0897864125271964
0.08396577268466725
0.06984798332720363
0.06632902123505004
0.06033723226492481
0.04428840659006626
0.032337634990825134
0.02230951452817176
0.016662163379266865
0.028830800165592287
0.017631344612644703
0.014716768825323502
0.007859591064885948
0.01
0.00789572991959128
0.0037925925925925926
0.0044259307472012495
0.0005666203926679321
0.002339915534756306
0.9812159046172881
0.9746470920383964
0.9515061238000662
0.941515018636264
0.9540017885088308
0.9509113272950911
0.9389866135634473
0.9259585720581754
0.9545807453416149
0.9288537549407114
0.9173361405063992
0.9020812576109819
0.8849006550809377
0.9246677328627364
0.9425427196814687
0.9218106995884774
0.9525419907563972
0.9030303030303031
0.9002301117685733
0.9354564996040277
0.9318652994901104
0.9211248669542322
0.9351351351351351
0.9275410563692854
0.9332669322709163
0.9232854432095419
0.88796961182225
0.941232599910193
0.9555957290548557
0.9610667266794194
0.9613381637042907
0.9711859609397113
0.9538149213331077
0.9707247207103982
0.9600161784249148
0.9561161022805805
0.9596945513004536
0.9291771974164561
0.9511164410941694
0.9445845272206304
0.9666249003303338
0.974883345814851
0.9758703895208549
0.9706238119923968
0.9446467174877688
0.9615761841573877
0.9769101351743342
0.9841940713293191
0.9866464516881451
0.9787971575480964
0.9742256125751272
0.9598354004868437
0.9733545085583201
0.9624196376388077
0.9816353809496136
0.9804866716998665
0.9861516886759378
0.983484626647145
0.988116948055768
0.9895241477272727
0.9825342867190248
0.9776595122521785
0.9773569370111157
0.9674059336415238
0.9692750558101281
0.9869490419410334
0.9858139259959806
0.9856872486396971
0.9859663666508763
0.9859138187221397
0.983201756989375
0.9867054424594931
0.9844718663281573
0.977587420793241
0.982775850919993
0.984342810053564
0.9878306878306878
0.9879013220018886
0.9764262140499764
0.9886915334517465
0.9882995783096751
0.9894937917860553
0.9657932179274366
0.9874566957352765
0.9868058054456039
0.9892942583732057
0.9892569382273948
0.9874955341193283
0.9817801672640383
0.9874108266890474
0.9834888729361091
0.9800380228136882
0.9723750369713102
0.9880135965173833
0.4655659985028695
0.4598290598290598
0.44619658468829154
0.44114774114774113
0.43134015633814166
0.40875129163023605
0.40144551810825674
0.3870651833281103
0.3746712053226056
0.35673682593332307
0.3406456012730166
0.3262459473723894
0.2960954043912769
0.2852266824961045
0.2704360679970436
0.24872946895485012
0.24033798677443058
0.23383453077549812
0.21932705641923947
0.2017270154560627
0.18580897533413018
0.17651809971363536
0.16282051282051282
0.15613544804558488
0.1373528232420807
0.13504870428230104
0.12460815047021943
0.11406544457769402
0.11471715122830742
0.11239531505917982
0.08690354027706516
0.09286930813972172
0.0991264405528442
0.06255532605488345
0.0781363160859419
0.1480007404664939
0.03916861023460008
0.03499739311783107
0.7266075783713045
0.33076695291679004
0.9385047510906592
0.9783858358243275
0.9848530384083669
0.9659104130308319
0.976736210345813
0.9814878496102705
0.9825997952917093
0.4462906525278671
0.45193693137375984
0.42507731234186114
0.40305490023591506
0.3909036978445719
0.38114738114738117
0.36417414166408907
0.34975993854426735
0.33711112801399556
0.3262571514604035
0.31639031328367706
0.3064169935608023
0.29680415386865583
0.28445970365016265
0.2713920817369093
0.26023773411872597
0.2587334335769486
0.24099589074208363
0.22722592160362462
0.21049053268518203
0.19557420315354943
0.1829247845478019
0.16987436514300988
0.1566747937610634
0.1464125932062966
0.13625537545484617
0.1291866028708134
0.11617489531599962
0.10166693639747532
0.09659474581176243
0.08896498255588578
0.08305353183401964
0.0760731521463043
0.06657664164808592
0.05917178200853769
0.048693105704227545
0.05006370614375835
0.03778989189688626
0.03683308859520313
0.027989435657691023
0.0293648164322501
0.015271306177664212
0.011387224957001365
0.012361049355269008
0.003963558920965452
0.001543301478007954
0.0003497624530006704
0.9590945650924968
0.928205738778426
0.9584747331400012
0.9541825328583712
0.9539790760550135
0.976394324853229
0.9702224128423503
0.9649910785701101
0.9693110517487731
0.9773693423355839
0.9797623468251021
0.9773944451363806
0.963637482310958
0.9816245172542668
0.9841649788252624
0.9729898322001123
0.9845942743092372
0.9800750261361539
0.9764240024367956
0.9729762853116
0.9717212869210952
0.9767228177641654
0.9825641650917515
0.9831056355208587
0.973295212604173
0.9809471633795959
0.9807095478610114
0.9886715364615575
0.9769263464691238
0.9719789842381786
0.9790762180414858
0.9825698988697205
0.9784014715480923
0.9856955537012755
0.9450095913503459
0.9704107341653483
0.950811415780638
0.9784008883953359
0.9678658157790704
0.951079697239537
0.9791156888408353
0.945720017833259
0.945375091041515
0.9692185820177672
0.9777015437392796
0.9776132254175994
0.96126699948356
0.30156657963446476
0.3193873053188363
0.28230357401244394
0.6748312649684303
0.615973218555715
0.540433099696621
0.25386160306737265
0.3570281710699168
0.2867306762450784
0.7225894564326687
0.8021747529944251
0.7948329970858552
0.4256423982869379
0.7609737076648841
0.8718407515097294
0.6481293666892044
0.5277531575448704
0.5001096611470556
0.726062036412677
0.8667555703728399
0.9085963619878733
0.9183176535694522
0.9543670815113802
0.9642238892094633
0.9541268154445626
0.9777395295467585
0.9737324024264622
0.9700886054517749
0.9791076888234628
0.9834696755994359
0.9747814391392065
0.9762897048884884
0.973571509072467
0.9580023332037109
0.9813363405694954
0.9853496623554996
0.9865573023467761
0.9880612361476065
0.9871583612705267
0.9671673460271372
0.9786621507197291
0.9712454722764001
0.986665159905074
0.9886427844954232
0.9790158371040724
0.978923640462102
0.987549518958687
0.3584788754211362
0.34710460059510184
0.326745020974264
0.33391310923734263
0.30280470276047616
0.3067514134732641
0.28670796652537767
0.2786587139947629
0.25313957660566916
0.23337123365548607
0.2276324661958335
0.20618041678561233
0.18971995746189294
0.1748866602555296
0.16745722216366254
0.1668956298964096
0.4327099376604327
0.13948628059057508
0.12824078672891626
0.12367175345095832
0.12005866058334691
0.10768785010623913
0.08997396660105403
0.07943280210816915
0.07568748393729119
0.0686704695041685
0.8170282671500595
0.8539850385286012
0.851847640704946
0.9007365439093484
0.8543931159420289
0.9557813311782024
0.9139972930295511
0.9406673499601412
0.8978118913964944
0.9584607396296083
0.9574590730919991
0.9676915963472431
0.9707221485793326
0.9360813099943535
0.9816413443830571
0.9640465875203961
0.9723841321939901
0.9679457982236392
0.9624709021745301
0.9493222340964059
0.9627731471052039
0.9760588268825172
0.9683392387701452
0.9700896169872709
0.9762493530392777
0.9837073114164783
0.9754505545286506
0.9777508790131996
0.9795918367346939
0.9412509350365383
0.9607887451268433
0.9644124041652363
0.9747451609208567
0.9653953594435893
0.9262073623775752
0.9778632179890481
0.9690232611304795
0.9783299624386016
0.9746828176129514
0.975131790052716
0.9746634996041171
0.9689628223735626
0.9601727174592353
0.9594501718213059
0.9581865434594282
0.9667483374168708
0.9749141493510273
0.9708962564369612
0.9744868375275426
0.971771841828998
0.9414360208584035
0.9400807381776239
0.9427611345255724
0.9641028658859531
0.9725284442610387
0.9487759600881773
0.953150620754275
0.9715281469667435
0.8875272491604312
0.8468030240872062
0.8263500931098696
0.856681919511909
0.9084123222748816
0.944129747778904
0.9722086489127779
0.9311354453358318
0.9170649259820491
0.917298495275866
0.7330108138873079
0.8562610229276896
0.8341125541125541
0.9456793206793207
0.858657655558145
0.8158832318124354
0.879365270180922
0.818723946271422
0.8049456898544026
0.8211586901763224
0.8051691018103498
0.7553375649163301
0.7204594563857614
0.6231362178585494
0.6192030616839261
0.7046856088986225
0.7815701623114999
0.7909059790050206
0.7787931034482759
0.7949848285338066
0.7954479810525099
0.7541076167353622
0.7432648401826484
0.7431436990027198
0.7471871412169919
0.7514990383527549
0.7900822642811943
0.7862057297541168
0.8064293121327342
0.803226917776757
0.8117858592889043
0.8488834327136677
0.834868804664723
0.8534386889083991
0.8623772275480798
0.8726944783848257
0.8894761296317807
0.8905498580450779
0.9141452566278457
0.9217533055605869
0.9555896736040032
0.9415062713137969
0.9737503653902367
0.9661982069299734
0.9763959837942575
0.9769631647518654
0.9742752143732135
0.9803853093533554
0.9746864705542392
0.9656410256410256
0.9867522614531661
0.9697004608294931
0.9824448475627596
0.9821000292483182
0.9818149508352091
0.9830368712451407
0.9734016887816647
0.9903959462644355
0.9805516265912305
0.9738750958306304
0.47032285351755254
0.945846346033729
0.4450422115543784
0.9514636559390095
0.845213849287169
0.9247031566753547
0.9613033448673587
0.9524563318777293
0.8725385437337811
0.8546860689935891
0.9569234390631437
0.7261939218523878
0.6359963057030709
0.8872279495990836
0.8198703853720635
0.7953584321815369
0.80137065192352
0.9155957943925234
0.5748477850094478
0.20548390592825402
0.15902725596010656
0.1620409415011884
0.1290369561259785
0.5218691102879054
0.7037058283616338
0.1992001999500125
0.14417528159234685
0.2866000320701267
0.07849026225346008
0.06417747226995782
0.07681564245810056
0.1592254993032977
0.040648339424757665
0.053288779458318676
0.17874731220087398
0.17004314063848144
0.16144216666098168
0.15017955146012602
0.14324469153995578
0.13401476433844406
0.1268180912532377
0.12291728043471145
0.11259036341630957
0.10348837209302325
0.09928016307809912
0.08832464583799686
0.08236596552269493
0.07609341294901054
0.07423253489897255
0.06587582806963488
0.057036558743043385
0.05130159117234652
0.044539445758292405
0.03895986501144992
0.030205771192033114
0.02674181556541552
0.021571741019264762
0.018548892136104733
0.014609616757914782
0.011654113041931084
0.008004506240550236
0.0036715719657714743
0.0022745399226065635
0.0016235203825604393
0.00047029775726757005
0.0002925516353636417
0.0
0.0
0.0
0.0
0.0
0.0
0.0
0.0
0.0
0.0
0.0
0.0
0.0
0.0
0.0
0.5553429027113238
0.6018414130026306
0.6139396475566095
0.9143784323514728
0.5838542359356297
0.7586206896551724
0.3944579980337181
0.432049786075457
0.4989655026812482
0.3892186688432144
0.3946911802709787
0.6095398528238319
0.8147221063366245
0.3324222993097165
0.32479741817799135
0.32384884326415236
0.3021985866228853
0.33688386101520607
0.30028544243577543
0.22745084676457558
0.5203136136849608
0.23944755858715472
0.17744425104272718
0.1786356944217242
0.1433517117579177
0.10325291828793774
0.11983122362869199
0.11458238177887396
0.1071559970566593
0.1128519046031698
0.10770102600811263
0.09939785839290481
0.08695397587539525
0.09069977558217482
0.08009645274686965
0.08123493363538671
0.0775906365972024
0.06226739192671056
0.053931941664283674
0.07658879458686967
0.1349936948297604
0.07145551074878877
0.5724334431484285
0.03447704293054865
0.02549582895972598
0.04685232726866838
0.8837220918036062
0.9660745902107487
0.9519290515731796
0.9814729308553619
0.9738036422129028
0.9821294748371476
0.9721351445489377
0.984208402973892
0.961038961038961
0.9819851030659968
0.9627102965832225
0.9825713123801778
0.9631376659678547
0.9682475419317524
0.9747410080316611
0.978123734012385
0.9603376025497256
0.9781308630393997
0.9699490363774823
0.9764416315049227
0.9839300484461775
0.9351323300467047
0.971496991998131
0.9852949723917466
0.9809000059133108
0.9591002044989775
0.9840384953934628
0.9789270912381064
0.9819751502070816
0.9487061793562453
0.9830674422622818
0.9861641773764038
0.9860172453973433
0.9889592655006102
0.9895043731778426
0.9800662521067007
0.9778663892741563
0.9876095850379895
0.9845634065357954
0.9820575556332285
0.9525889684897199
0.9877744944666551
0.9774004751694965
0.9802279599906956
0.9761918554133117
0.9835470460799812
0.9887811148767092
0.9872086910811284
0.6712467677331034
0.7716972406351164
0.7388009343368803
0.6802710689901151
0.6893248407643312
0.647793632255116
0.688347718865598
0.6751858262906018
0.6904002833864683
0.7250597143873558
0.7820764462809917
0.7498199032623237
0.7456521739130435
0.7643434343434343
0.8223430197114407
0.9501421501526798
0.9260632272680466
0.890645045414892
0.8915712157789306
0.9329311931295369
0.9586950802420415
0.9553296846494658
0.9679639788841735
0.9837314128801616
0.971394015880528
0.9824246582572439
0.9867769465809715
0.9666173674202408
0.9679450186244164
0.9868734451913407
0.9797692429271376
0.9759653478421636
0.9848630209998934
0.9688884201645223
0.986798503474078
0.9852894147745442
0.9719770286078911
0.9825126059435683
0.9791655508542659
0.9860825300552366
0.9842881053938772
0.985521392549211
0.9864522048901603
0.9878260869565217
0.9868912843291263
0.9838509316770186
0.9836276772773632
0.967525985084268
0.9707556780727512
0.9637543149625044
0.9529860986814629
0.9561607836110614
0.9251599019666448
0.968944099378882
0.9787830752347275
0.9789164164164165
0.9675392670157068
0.972468162522741
0.9710913033004095
0.9683380414312618
0.9634800023561289
0.8258769407705578
0.7814886020324087
0.850560921470994
0.7440678944633682
0.8006830359771536
0.9351119288561791
0.9669999386615961
0.8742874655225252
0.8986580008425107
0.9780442804428044
0.9678290766208252
0.9191001646040359
0.9823965410747375
0.96806106870229
0.951475015051174
0.9661876584953508
0.927765237020316
0.9810764315556648
0.9487937559129612
0.9689673622257892
0.9452733418813382
0.9707205890947344
0.9584925321292115
0.966333294569136
0.9545560611363901
0.9568924958833216
0.9808458747248825
0.9883094069901266
0.980226159521074
0.9853702588801927
0.9865622175354022
0.9763398458505108
0.9828289593862266
0.827094298784987
0.9458453206972415
0.8769118337944355
0.8848909657320873
0.9774468313065838
0.9458849435728048
0.961489898989899
0.7251686284882952
0.7961682242990654
0.8584465081324816
0.7646927074001075
0.9691194209891435
0.8679809502713479
0.9549738219895288
0.9563696612665685
0.9623105284719378
0.8577938403519799
0.9723226456468915
0.9501053265121878
0.9370111400805878
0.9864191673585577
0.9739423304183408
0.9863702837086867
0.9594288699286088
0.9469237939874156
0.9480542043085476
0.9365948428117273
0.988484705326562
0.9848530025642555
0.9775227448415295
0.9874101787517073
0.9899892742223811
0.9784095640278356
0.9852030890762247
0.9681640282726794
0.9679315562798277
0.9198113207547169
0.9910037043570294
0.9757360642383335
0.9828029948525971
0.9867715617715618
0.978494623655914
0.9829802218440049
0.9782049783802734
0.9865101611772951
0.9818701177567914
0.9651804917746905
