0.3741376572292062
0.3615020428031633
0.42795409198865564
0.4050651064896427
0.25560825392181613
0.3200062661354439
0.3432443515652338
0.25371250569154435
0.23128380568607448
0.18950929801342842
0.2632491025235911
0.2418626327466785
0.20277810439648025
0.11309771343809243
0.3115969464443073
0.1698877967500056
0.21369187451307545
0.24059412168859778
0.21697240894824726
0.12662542670957153
0.19056230331170715
0.1973086235007727
0.24444129324863648
0.2494724304711236
0.1398121900110752
0.14422544491447378
0.16227848593178743
0.13923171305137833
0.16257228831712428
0.12157578337456557
0.20079792096237958
0.12148786650253944
0.08967276904209424
0.16473821161650942
0.19434196489309813
0.15589534911183117
0.06729567396822747
0.15455997360693682
0.11704836292992107
0.13428119772203528
0.2055704250432664
0.11066782354053642
0.20102210216513688
0.21126108233530663
0.10194650252815811
0.11224804187702256
0.14210230013247843
0.9253622251503246
0.8698323752897931
0.8822576201993086
0.8693224696460238
0.938489214091104
0.9335452802777148
0.9185810873643024
0.81858514304224
0.8682261095717688
0.8134779277047007
0.9264196249707617
0.9302755633033077
0.8950374827578187
0.660484169494084
0.7968480753426488
0.717417885778177
0.8266577146297622
0.7659209263759331
0.870309067197191
0.7968077044209804
0.794279127214828
0.8255697731386764
0.8096484158037178
0.8848393072237014
0.8358859615241936
0.7904937179108146
0.8478496527309044
0.7399880286242496
0.6962430929358405
0.7096137022239443
0.8307300309864448
0.7568636836663605
0.5560688621969473
0.523856877225221
0.531738307348945
0.828675734385422
0.7114238269419539
0.8268619079514498
0.7867185128797611
0.6797998006236493
0.7946222937916976
0.5908254008232638
0.6269806616808673
0.8983812352597308
0.527797643674871
0.450250972631063
0.2524982905635332
0.8156184075906191
0.7859958628986378
0.7800060358882045
0.6808640589522306
0.7690775546803763
0.7717808757377758
0.7693487378408708
0.8021133439323614
0.6656924277542453
0.7223288214066189
0.77483886315462
0.7791641194971628
0.689854012710112
0.8571308034559595
0.8211873497325473
0.7989277084347925
0.7593024529757558
0.7564301788636522
0.6107359492030888
0.7854047375826485
0.8063898493167928
0.8626319521731649
0.9538831143689999
0.9618722646245453
0.817995582178856
0.9485337235742785
0.9159441623276855
0.5091497746757325
0.8419225207015893
0.7749945452089516
0.8255386316060104
0.7839203309310334
0.8745906127577602
0.9562136816494154
0.9390693478602106
0.9010754276121418
0.8613687342872929
0.8760159639702332
0.9335268952020653
0.9536516552102698
0.952177604771484
0.9485959728512761
0.9532528762555577
0.9564529670184674
0.9557421266753641
0.9595688067964
0.9459850500322944
0.5089696383361206
0.5737807486228715
0.5893279969741441
0.4481174900467256
0.5526501270463461
0.4731588724090212
0.4088588841702899
0.3723743270223617
0.38491341551662506
0.36489275708143704
0.35329766989474176
0.3922618718539522
0.3205448618166609
0.3758202193667036
0.3009825581322979
0.28872311772150705
0.37768304788605567
0.28605856783212846
0.4093580432599541
0.3910168204449115
0.2173769941052328
0.20454473270876578
0.18889819903654356
0.18842865524650595
0.17716150528121505
0.3159305951820347
0.22786915933510898
0.14267965681994688
0.28105950861648005
0.282995976240778
0.1994889385123473
0.4475388947351739
0.42370300928132376
0.30882412414263394
0.6271283458358151
0.4785434665707178
0.7237877083583981
0.82887479981107
0.9535580567248857
0.9068046395514425
0.9498211289481094
0.9301122152401098
0.9382033846661979
0.8670079590079043
0.8236588914194497
0.9664404475891482
0.8338662695240646
0.9386087257195344
0.9701464620715706
0.9536147227065319
0.9674535133123612
0.9227233698701062
0.9507778584159997
0.9729613847408979
0.970200843912804
0.9578849809010883
0.959885617777123
0.9682752364781526
0.9626386185670318
0.9708984268201368
0.9550908575841224
0.9643223055309298
0.942686644485951
0.9668090754857455
0.9772791217132948
0.9630221308104032
0.9083878981034867
0.9523022298411613
0.9671920063828041
0.9249442059441048
0.9452342066231612
0.8744993245018111
0.9142447109977747
0.8602035220097868
0.9510526449781415
0.9404021983714685
0.9687775580515469
0.9418011226828188
0.9810629013818429
0.9720006807770402
0.9828614856966963
0.9568708175185249
0.9735186942546218
0.9606394522648583
0.9818450579641895
0.9700146664750644
0.9695244178616484
0.965893152531943
0.9703296318478687
0.9658220040175086
0.9741126504827673
0.9156516810651804
0.9707363395232956
0.8807964261616774
0.38595746187629987
0.3664594555408761
0.2667034957569069
0.5445635325894251
0.3604781144555619
0.16582983386576
0.2140438005128232
0.3125080555978171
0.2516878053369413
0.11613000892496031
0.29758305909063776
0.2521456725392902
0.31663560948313246
0.18171699929516724
0.3171792271724927
0.1627860387237086
0.22861771173636392
0.2825871437207474
0.21839843137963486
0.2627443987674475
0.21608145486882133
0.23453436657972979
0.2195111727654199
0.20536527018928555
0.19423647519454568
0.16177298564064613
0.162633929574505
0.14666553285031778
0.14409838204193504
0.13943795205142545
0.10885256387117515
0.11081182565477259
0.1311719452701759
0.17508625774978936
0.10639485949797953
0.07176388981075993
0.07493079357301043
0.08854456420906395
0.11288562938785421
0.1039083401541688
0.14735187813139047
0.09297420639305132
0.10043781164174836
0.0879770212771939
0.4266425941225555
0.20189018977788736
0.14325198543819864
0.9840171927641723
0.9774935189973318
0.9810981280140428
0.9866708876626857
0.9810514059269458
0.9842027986742883
0.9763078555329472
0.9821166018967464
0.982783223577281
0.98294080948
0.9778232545950554
0.9752413179513656
0.9824684913549151
0.9676138667502918
0.9774802146488355
0.9698939054777821
0.9786405869547815
0.9721138748684695
0.9597393783228219
0.9688179844155179
0.9739342915164272
0.980765819915149
0.969861418988007
0.983023587389676
0.9843653232079694
0.9794141536119725
0.9766547476623769
0.9657670837938859
0.9648774360591397
0.9740038314421682
0.9769978878483758
0.9272601854863236
0.9740889549077325
0.9644464528024704
0.9431456601436213
0.9696894718815784
0.9317723566819988
0.9214952583277315
0.9247675469720292
0.7908143530896461
0.9390182814308329
0.9228280773469681
0.8248196396781065
0.779125754179715
0.8647068219790841
0.8292392686911458
0.8916418636226231
0.6857648417477441
0.7372510032108408
0.6104080200137816
0.5913080662327349
0.5542389763250652
0.48078541353659504
0.43952576527114456
0.41441520578174745
0.3837736831802411
0.3420895755806621
0.3647371678291471
0.346618856527468
0.31641856187944883
0.35204830176897
0.28306629984039994
0.23248782425923883
0.3286231078704253
0.23630506687793487
0.21692668284455144
0.21740154766185943
0.2127565582865555
0.2840996485574911
0.2523420544020881
0.17720315671113923
0.30127492705314424
0.17519358269208832
0.14115757204245166
0.13253932565232446
0.12269496266643656
0.36573272404563356
0.18854586701389853
0.32854473444503496
0.5110633901961481
0.24361845476826863
0.4779754640005399
0.6781097291635784
0.7430234606384711
0.7717243519190121
0.9255729494084981
0.8115201566445911
0.9141616473466406
0.916408657589408
0.9325242602738989
0.9093169065677656
0.9501086963146624
0.8630474839214693
0.9024497093323888
