0.9534573687952287
0.938879143348057
0.9438012100741142
0.9035869020311413
0.9115927938048841
0.9587066531355936
0.9421751872345221
0.9598823944326732
0.9621877197594237
0.9583877188110203
0.9489762768203633
0.9264287442818555
0.9588264694996482
0.9509047247298728
0.9612342329491096
0.9588865838194003
0.9542761317778975
0.9512108363527627
0.9556749401312319
0.9579093575373527
0.9331266739419561
0.9377685101447589
0.9540515094992685
0.9427687503595606
0.9619066438410906
0.9467053731490978
0.954148683794801
0.9612844339513231
0.9639590596217579
0.9375412277927706
0.9571996862076608
0.9650621979160958
0.9437799133392403
0.955340067872779
0.9591873231581143
0.9556557895767505
0.9474652862523996
0.9616482860384135
0.952733826900636
0.932105391523175
0.9468236666920562
0.9560802071438859
0.9601194506373396
0.9410926636179682
0.9668232080918081
0.9462383934889884
0.96670287691928
0.9147209969088139
0.9443364090459779
0.9612930504892889
0.9417525452400722
0.9579909631117676
0.9484093044375375
0.9539808779978532
0.9539217210641506
0.9214281716086568
0.9059539739214575
0.9189860369526539
0.9394946122858409
0.9480597786551005
0.9433913677996854
0.9381353668424423
0.9572196721636763
0.9493706969194996
0.9686990408043353
0.9600298309577842
0.9544333817073618
0.789872517788737
0.8795976621165952
0.7591863476062322
0.8215364133416836
0.7005471746193267
0.7396986711547949
0.7220871981647724
0.7331008774713913
0.7580880628484227
0.78902170778512
0.6638945268244776
0.562839064992012
0.7392213341231952
0.7131206181948183
0.6112972962116598
0.6182782849298138
0.7357983437579545
0.7440393381864526
0.7312417319163239
0.5726986973457882
0.5700614718484902
0.6881948660203208
0.6272769932664726
0.5562047628909974
0.5851680592186911
0.4817093322582219
0.44566512956306265
0.4244956301614602
0.4190945048785881
0.437664575959326
0.40567484878159477
0.38288074661526783
0.42628284864300003
0.33440897227920796
0.3482423039162432
0.31873179720546585
0.34448305334300744
0.33354167925034395
0.2689458633843198
0.2716237436817871
0.3415084748217646
0.245442011952137
0.3063920483674737
0.23374433492194294
0.3148086430182019
0.3104498336073557
0.23913518679403883
0.20259394084030688
0.3944806547334191
0.2155673507448264
0.3746364816603576
0.3050495928814506
0.38459259354464786
0.3693501586835722
0.4175415524068544
0.5735448564543055
0.5130064228736937
0.5041214723595707
0.601709340661899
0.6893239896499975
0.5947567931637988
0.7892247725946373
0.7766933425344204
0.8487726687250751
0.7555420863224036
0.8739920466135429
0.8771865344255977
0.945541642300747
0.9514252084550906
0.950595060614606
0.9590340258772905
0.9360852332263525
0.943729819218432
0.9584888046214548
0.9558742431263851
0.9115740158404331
0.9311953935451023
0.9247682865109637
0.9588729030595351
0.9560120351816195
0.9254155470107948
0.946357079388843
0.9227221586224873
0.952883128820422
0.9564777132365787
0.9613113274055012
0.9360726551671835
0.9232826731910448
0.9611633219367665
0.9561325882888572
0.9558581062480027
0.9468936663981704
0.9455919827343588
0.9457355136445124
0.9502506837134979
0.9597404406615133
0.9494966554942593
0.9546898714331844
0.9391502130779574
0.9565319151008099
0.9486173552350842
0.9501753631180824
0.9384719786944291
0.9238226896658753
0.9494422899464636
0.9444033068818894
0.9319024634004087
0.9356355727042713
0.9455404207196894
0.9531609723629728
0.9528795350770816
0.9437421254818352
0.9477427328739976
0.9601314844725906
0.9315916240133694
0.9433654572223868
0.9551204138108711
0.9512402538078095
0.9593729612827083
0.9527959979280348
0.9535068812513112
0.94571124402297
0.9627145122536056
0.9385159689287386
0.9492389380103633
0.9588707708105406
0.9522977753243582
0.9428215746579713
0.9338924957595012
0.9601133975735564
0.9378004929680577
0.933710474617806
0.9385784497161758
0.9120870601427633
0.9494941634286839
0.9476292007263517
0.9348952830390875
0.9495584777543566
0.9507734837694006
0.9493149722791422
0.9379434906010007
0.9482051418041527
0.932910522950076
0.9463979323853042
0.9586844716975886
0.9445207753539462
0.9401330894337299
0.9634959141435623
0.9445856159953436
0.9464184803622206
0.9587913816921416
0.9600355736741207
0.9596144014440737
0.949339951621825
0.937638339934416
0.9585899396918689
0.9495479119254411
0.9643257379318066
0.9507010743459215
0.9541790599729711
0.933678251785788
0.9554166443772253
0.9564827524889804
0.955203446165686
0.9499845505086943
0.9414333165270902
0.9462298460720208
0.9594547937530062
0.9504250029819415
0.9400313474943622
0.9438822318184554
0.9527338673417237
0.9664348733775222
0.9403619161888889
0.9462609878292962
0.9512971360882567
0.9469286840221823
0.9551004659146797
0.9566876715988599
0.9480261126239118
0.9482201340906504
0.948331627142068
0.953306763126615
0.939070827840958
0.9574167213513822
0.9298556372878808
0.9621208657659717
0.949459962665727
0.940350333309657
0.9547335345738585
0.9403426971543271
0.9408706727381928
0.8864331712409811
0.9145169325217684
0.9322591338171182
0.8616706400709321
0.8852597125219421
0.8895524543647092
0.9244025370967375
0.9111679771074634
0.7667867337017529
