0.7450258298808246
0.7853522292334747
0.8069605325226689
0.8111670385553422
0.8169448950756188
0.8407417360924483
0.8396797809027229
0.8448559452432748
0.8451969592259848
0.8712292002147075
0.871546213024163
0.8441202801621992
0.8582101414719441
0.8629447007051588
0.8496653419786655
0.8599717853597366
0.8487994128132537
0.8496528857113252
0.868481329569062
0.8705215179139283
0.8594757425219322
0.8608921106936875
0.8562401263823065
0.8452530980886368
0.8205352998813883
0.8000724937862469
0.7571729534510433
0.7617699115044247
0.6814605907674038
0.6989289191820838
0.5565421192590255
0.5246724040998141
0.5532113082762796
0.5500099226036912
0.49782916470033034
0.4932733367004913
0.47726656422308594
0.45063279975305376
0.4228515207254994
0.40687559828526243
0.3939807915217751
0.37744496276291023
0.36411970838200347
0.3411652643276711
0.320956675161733
0.30982121945507063
0.29114070197044334
0.2878764538242317
0.27862026815386376
0.2681602430225935
0.2520768334398376
0.24239710436956602
0.2282536397901116
0.2119312140211931
0.19629202135334006
0.18662742705379895
0.17107907075122503
0.16518885708301334
0.15277347381468856
0.14392484914975315
0.13506731323544371
0.13152978851157515
0.11910416254370342
0.12338762214983713
0.17071485710130171
0.1937105112004595
0.21757247667212765
0.23357962351019196
0.26892141091536864
0.3678970681290867
0.37272951425988327
0.4516698283848767
0.4830516054020213
0.5155287878106881
0.5321209365764946
0.7239622736672214
0.018921288570862914
0.013364926386411437
0.008093617898752448
0.0018215870898222028
0.0006094928511567666
0.0
0.0
0.0
0.0
0.0
0.0
0.0
0.0
0.0
0.0
0.0
0.0
0.0
0.0
0.0
0.0
0.0
0.0
0.0
0.0
0.0
0.0
0.0
0.0
0.0
0.0
0.0
0.0
0.0
0.0
0.0
0.0
0.0
0.0
0.0
0.0
0.0
0.0
0.0
0.0
0.0
0.0
0.0
0.0
0.0
0.0
0.0
0.0
0.0
0.0
0.0
0.0
0.0
0.0
0.009436455910340452
0.0
0.0
0.0
0.0
0.0
0.0
0.0
0.0
0.043307396054389685
0.2575623992946828
0.17155935641257572
0.2889215596189776
0.40350471152256573
0.5022257431718726
0.5894770292355185
0.6733416770963705
0.9199079530785205
0.9366348990242795
0.9087796115414842
0.924793152639087
0.8855209440187909
0.9073876104203005
0.9082379862700228
0.9207025626259718
0.9126655387666998
0.9122908251586843
0.8641515817966503
0.9011380618461892
0.9124978312416864
0.8820378390699795
0.8388085106382979
0.8056033287101249
0.81061473844979
0.808974570220245
0.811274241262189
0.7976788124156545
0.7801188546731497
0.8010428986130523
0.7769226629352565
0.7917837837837838
0.8112250523762267
0.8226655583264062
0.837050976919245
0.8711533091315276
0.8689124051193972
0.882486438613971
0.865927584512042
0.8838663667782105
0.858554966959751
0.8430433625964352
0.817970278703263
0.8496869602763385
0.8138771186440678
0.8192352259559675
0.8525571273122959
0.9172902267664362
0.9205647218914781
0.907307670502863
0.866279407493465
0.8867737804168122
0.9157202974577737
0.7280161534578495
0.844870449146456
0.8562861072902338
0.7661010018401145
0.7886664036299073
0.775547088706526
0.7672129557796742
0.7606145792943001
0.8025722821408678
0.855092717011556
0.8801666854375493
0.7046390829303242
0.675004365287236
0.7626777694610778
0.7803561004086398
0.8011075219197047
0.5685096680843601
0.476971790443293
0.3990172822771942
0.34226357931183726
0.4243949498762636
0.5885086424042387
0.3494042235243226
0.4316003700277521
0.4423707329865816
0.5225849731663685
0.529976957523586
0.618019754276078
0.4280892630241423
0.32941086865455654
0.3102841626190385
0.7948272438443209
0.7861833983506987
0.7974986297274403
0.7929824561403509
0.7945422971967254
0.8307248138580763
0.8394380331159057
0.8598287985325589
0.83665
0.8430999047571307
0.8188224710115953
0.8599498541677327
0.9142646749421418
0.8917450365726228
0.8306277328240438
0.8443764345830146
0.8679467485919099
0.8660915999178476
0.8599169210750213
0.8315325354910607
0.8123946455131383
0.7613271663205589
0.7831272937994977
0.7718250235183443
0.7552464381979207
0.7377711509787889
0.7325897325897326
0.7327982205889464
0.7343173431734318
0.7230791904106897
0.7225828493337889
0.7267208459806129
0.7387812712936824
0.7474038176243695
0.7530348258706467
0.7367748907117245
0.7354149141471622
0.7185407975162511
0.7109135946379135
0.7276470588235294
0.7302769260719326
0.7606791603464305
0.806913407821229
0.8037696748408744
0.8261065943992774
0.8233613950691522
0.8130935034919359
0.8243127795366602
0.8244347520930466
0.8098538496308573
0.7887316976652157
0.7696157809509789
0.7734447539461468
0.7604860838886711
0.7661030202326263
0.7516846851214428
0.7601756376732942
0.7385598923283984
0.7259835752482812
0.7127453298652163
0.7138055108417763
0.7143197068481416
0.7394284610928751
0.7038775123246113
0.7168743460477504
0.7192798628310154
0.7262940356610756
0.7024045261669024
0.7182625389968802
0.7505881199764752
0.7534913771681327
0.774307127408078
0.7750252780586451
0.7839593908629442
0.7826547601029211
0.7811919465782999
