0.846606648199446
0.5957694546865904
0.5285319615128132
0.6757745913967713
0.43617532666171394
0.3995936476344487
0.3871403983280059
0.37480629638691787
0.36487411883182275
0.35020826658122395
0.33421971741546275
0.3233141867967582
0.30785454829512165
0.29498570655953027
0.2803342490842491
0.26986780124601123
0.26182738814993956
0.24922235130982273
0.24010544293458083
0.22924465976657124
0.2162112799532437
0.20490537580349769
0.18648966920029975
0.17595079881238512
0.1608012046083272
0.15521531761940968
0.14253744190049922
0.13543328468144328
0.12381690188285223
0.1135756015447074
0.10419543631222464
0.09688188772202774
0.09255410978611849
0.0848722489248672
0.07458417534587285
0.06580877857928842
0.36745160049574765
0.48642533936651583
0.8859995611147685
0.8784007049234497
0.9144573664774293
0.9020871193347652
0.9092905776411158
0.9311813862035064
0.9187442289935365
0.9393644617380026
0.941565840160599
0.0
0.0
0.0
0.0
0.0
0.0
0.0
0.0
0.0
0.0
0.0
0.0
0.0
0.0
0.0
0.0
0.0
0.0
0.0
0.0
0.0
0.0
0.0
0.0
0.0
0.0
0.0
0.0
0.0
0.4588752518776333
0.07151413124413221
0.008364083640836408
0.4001215119559085
0.017262676795750727
0.004823769642804297
0.0
0.014383499683382083
0.017188217542478516
0.22960688940275895
0.034246004169562194
0.029271631982475357
0.026374996611639695
0.0245124019503922
0.021764752101830754
0.019753406878650227
0.018697132246750566
0.011807166795565868
0.9803853093533554
0.9746864705542392
0.9656410256410256
0.9867522614531661
0.9697004608294931
0.9824448475627596
0.9821000292483182
0.9818149508352091
0.9830368712451407
0.9734016887816647
0.9903959462644355
0.9805516265912305
0.9738750958306304
0.47032285351755254
0.945846346033729
0.4450422115543784
0.9514636559390095
0.845213849287169
0.9247031566753547
0.9613033448673587
0.9524563318777293
0.8725385437337811
0.8546860689935891
0.9569234390631437
0.7261939218523878
0.6359963057030709
0.8872279495990836
0.8198703853720635
0.7953584321815369
0.80137065192352
0.9155957943925234
0.5748477850094478
0.20548390592825402
0.15902725596010656
0.1620409415011884
0.1290369561259785
0.5218691102879054
0.7037058283616338
0.1992001999500125
0.14417528159234685
0.2866000320701267
0.07849026225346008
0.06417747226995782
0.07681564245810056
0.1592254993032977
0.040648339424757665
0.053288779458318676
0.6712467677331034
0.7716972406351164
0.7388009343368803
0.6802710689901151
0.6893248407643312
0.647793632255116
0.688347718865598
0.6751858262906018
0.6904002833864683
0.7250597143873558
0.7820764462809917
0.7498199032623237
0.7456521739130435
0.7643434343434343
0.8223430197114407
0.9501421501526798
0.9260632272680466
0.890645045414892
0.8915712157789306
0.9329311931295369
0.9586950802420415
0.9553296846494658
0.9679639788841735
0.9837314128801616
0.971394015880528
0.9824246582572439
0.9867769465809715
0.9666173674202408
0.9679450186244164
0.9868734451913407
0.9797692429271376
0.9759653478421636
0.9848630209998934
0.9688884201645223
0.986798503474078
0.9852894147745442
0.9719770286078911
0.9825126059435683
0.9791655508542659
0.9860825300552366
0.9842881053938772
0.985521392549211
0.9864522048901603
0.9878260869565217
0.9868912843291263
0.9838509316770186
0.9836276772773632
