0.930590417985376
0.9382458069837778
0.9439232062476273
0.9446034231412991
0.9460675375359098
0.9297525013164823
0.930708744524777
0.9391405588484335
0.9289174389216512
0.9314410713332978
0.9280452652930501
0.9155706406448876
0.914440203562341
0.9065494784772595
0.9049702208401412
0.922895062060072
0.9134304207119741
0.9201518850013561
0.9092023885689913
0.900104821802935
0.846606648199446
0.5957694546865904
0.5285319615128132
0.6757745913967713
0.43617532666171394
0.3995936476344487
0.3871403983280059
0.37480629638691787
0.36487411883182275
0.35020826658122395
0.33421971741546275
0.3233141867967582
0.30785454829512165
0.29498570655953027
0.2803342490842491
0.26986780124601123
0.26182738814993956
0.24922235130982273
0.24010544293458083
0.22924465976657124
0.2162112799532437
0.20490537580349769
0.18648966920029975
0.17595079881238512
0.1608012046083272
0.15521531761940968
0.14253744190049922
0.13543328468144328
0.12381690188285223
0.1135756015447074
0.10419543631222464
0.09688188772202774
0.09255410978611849
0.0848722489248672
0.07458417534587285
0.06580877857928842
0.36745160049574765
0.48642533936651583
0.8859995611147685
0.8784007049234497
0.9144573664774293
0.9020871193347652
0.9092905776411158
0.9311813862035064
0.9187442289935365
0.9393644617380026
0.941565840160599
0.9852960397333682
0.9897827211588205
0.9874704801889268
0.9867429165583571
0.9878961410815383
0.978091371866744
0.9854675790159662
0.9838833954025941
0.9856213402732596
0.9845813544987314
0.9816442605997932
0.9876495059802393
0.9883541371766825
0.9879279509453245
0.9866093986862051
0.9909278608521555
0.9885600596866451
0.993130337913108
0.9941917943648048
0.9911037486962391
0.9914710826122144
0.9834066002105133
0.9908320687910976
0.986949846468782
0.9930809399477807
0.9902261028213983
0.9811197491343829
0.9935327933106872
0.9879100771141027
0.9878111698697278
0.9817555498851748
0.9889886067086755
0.9865042997928567
0.9866742095669118
0.9892208774583964
0.988495575221239
0.9946188340807175
0.9865985960433951
0.9855288773523686
0.9876751427088739
0.9812548815412653
0.9793278294220893
0.9787997181835649
0.9874006590424501
0.991405297928292
0.9911250159622015
0.9877620183255931
0.9889126874133803
0.986922736749005
0.9927434754933163
0.9923961661341854
0.9930868062349182
0.9931233217630493
0.9811156499028996
0.9880842049516748
0.9818230961551456
0.9905292853304675
0.9925772368597031
0.9904940420404338
0.9899946991783727
0.9751446607048921
0.9868034232703992
0.980761706012782
0.9836938868316767
0.9812455074168464
0.9913764944143203
0.984917642389363
0.9917086760413902
0.991815721734539
0.9906542056074766
0.98821835318759
0.9863210005211047
0.9912402028584602
0.989291110965114
0.9852331606217617
0.9892947511840654
0.9872845801329633
0.9826336750016321
0.9784052085347773
0.9614457831325302
0.9232783451165226
0.9681880153216906
0.8887882512777382
0.9691535150645624
0.9484302023871303
0.9425346662366978
0.9388526727509778
0.9924543288324067
0.9894634776987719
0.983217970484524
0.9869348683785008
0.9839922229423201
0.9781804013247614
0.9501419797926435
0.9868972746331237
0.9901438990735265
0.9846535623326585
0.9781395952257395
0.9868463681720987
0.9711001428756981
0.9790893976211792
0.9792712759109051
0.9859063453919594
0.9809443834377625
0.9800882085873655
0.9833160889808588
0.9895445337515519
0.9857958230639512
0.9853799252606045
0.9893894024215597
0.9882957279406983
0.9868634974312285
0.9915833771699105
0.9872187805673296
0.9860649866510386
0.9878001043841336
0.9808361225963116
0.9916764975750426
0.9874185136897001
0.9932706128315694
0.9909681611435998
0.9864139224946626
0.9888115527223054
0.9808760821811604
0.9792857142857143
0.9840512451794234
0.9865833007685294
0.9881840385503994
0.9903327633828752
0.9877344877344877
0.988872355567057
0.9829165313413446
0.9897487818768588
0.9894393241167435
0.9886787758148793
0.988848741589833
0.9864562624254473
0.9927387823496555
0.9939352257096411
0.9884898421284357
0.9870903051952121
0.9920135831970821
0.9921870077499843
0.9886735464384596
0.9887298974294035
0.9859998738727376
0.9900687547746372
0.991284027032148
0.991141483168818
0.9925539362311462
0.9927834398936507
0.9839004987688617
0.9805996472663139
0.9901581052765255
0.9914985407943154
0.991348825460975
0.9946031746031746
0.9876699336073348
0.9947398440965841
0.9802788594397689
0.9773169965441407
0.9928553363682348
0.9952570669702144
0.9875015860931354
0.9879252877177536
0.9880733362938527
0.9882041254021321
0.9858264700248994
0.9951533703207703
0.990013443441521
0.9932726806765761
0.9866143252461549
0.9940162141294556
0.9819300269127259
0.9879610655737705
0.9916334148539065
0.9887143315165117
0.8742028260597724
0.9777463339336249
0.9423412929528246
0.8745901639344262
0.9848524590163934
0.983754749115682
0.9816410392364793
0.9875273668148344
0.9837187666135034
0.9902790636159238
0.9829448175951534
0.986718390426721
0.9618147692705974
0.9818614523702321
0.9820409751037344
0.9879549114331723
0.9913380736910149
0.9775616577676074
0.9767322277927755
0.9863723608445297
0.9881471040492056
0.9881135954767412
0.9825797361342385
0.9720556335332398
