7788
4713
3308
870
6497
7169
1856
7319
3084
234
5263
7834
7774
1800
3756
2675
4266
7285
6782
6567
4269
7898
5934
7168
995
930
440
567
1700
3737
2130
1096
3234
1448
7368
540
224
4584
1452
5825
519
1166
7572
6003
3673
7592
3565
6986
6877
6534
6537
1106
1906
7910
113
7284
1376
4261
2439
3224
1068
5937
722
1037
7835
4439
1232
2703
1600
225
2310
4494
5875
1732
5132
3096
1605
3713
1260
4437
1966
4452
2074
3065
3370
2328
4281
7506
3415
1539
6729
3353
4014
6237
107
2409
6511
41
5638
1225
829
1249
1188
1368
1832
5373
5877
6577
2641
1406
6604
790
2087
7784
131
1138
892
2479
2120
3830
6209
1802
3228
3833
2836
7323
109
6414
6250
271
5880
3376
680
5982
3481
3820
7579
3287
635
7447
6043
4770
7886
1584
2601
4072
5586
7792
3656
2725
7554
352
6542
1394
4907
6847
61
1581
6814
1514
5126
2937
4219
5394
4528
4147
2823
156
3172
6720
7037
6618
7372
4063
7553
3535
5184
173
4998
7353
345
4545
5734
3091
6130
5383
1701
1216
901
7428
4380
7384
4108
3199
6650
4659
1382
4196
102
5879
682
1009
1597
4946
5948
2429
266
6005
6666
4006
1387
6010
875
7802
3446
6655
2097
7719
4774
7264
6871
2208
5769
5077
314
3211
7829
1663
6270
7215
4664
1573
2679
1373
6795
2497
6915
7585
3693
6240
5113
6863
5828
168
7885
957
6095
6836
5362
746
2233
4237
7237
3396
1393
6648
770
2114
6910
3391
4442
1708
2215
1520
5820
5253
4673
412
4490
6770
5418
3990
7342
5246
1500
85
6516
5111
1433
5435
1052
7028
7312
1740
7259
5740
6313
6331
5789
3637
1011
4663
241
7229
5148
1200
6887
2374
6403
143
1040
1883
4224
7869
2062
4964
1756
247
6916
663
3337
4917
333
6126
7063
7311
899
4405
5395
5322
2671
3109
5211
6614
5612
785
3916
5689
6355
2322
502
7116
5289
2026
3783
7871
233
3972
4043
1298
1444
5590
2780
5818
4321
3008
5882
3102
2012
836
7540
6086
3891
5085
2972
7181
7020
1764
6503
96
714
7649
1361
3231
6793
1183
2714
1803
2892
4462
457
404
3718
3687
1424
1460
4225
7007
4301
4361
3827
1360
286
7022
6715
2257
1610
5792
4938
7103
503
1333
7732
2624
2683
7269
2368
4242
367
2148
6705
654
6760
2968
4210
3979
7445
6807
228
852
3940
2953
5739
4411
1412
6718
6627
6884
7819
3613
7544
7469
1637
6852
4928
7112
5298
7864
2395
4860
4799
253
3174
4355
3368
6506
6381
7632
350
5020
4466
35
500
1686
90
7390
7171
5366
5482
824
6272
2694
2486
3989
1548
2756
754
6217
2129
966
4985
7721
4518
5703
6596
5311
4390
2305
6731
832
3208
2275
5127
2081
7385
1515
5295
7477
2951
6900
3653
1334
5938
2939
6484
4828
2913
6671
3248
272
2101
3644
2628
5741
7440
1622
4704
1276
6322
2653
6944
859
3590
4559
7648
689
4927
6913
5795
3709
1504
1921
5928
4676
6167
2749
7796
6740
4839
7261
1458
1823
1487
1613
2738
6634
7718
2223
3037
2182
1844
1649
784
99
2256
4525
6041
1811
1459
7775
4325
5858
2887
1243
862
1422
5056
980
3408
5961
3180
7853
7275
4779
4246
51
3069
4145
5958
7439
5643
7682
4001
290
3079
3552
3616
6724
5477
7036
6162
5687
7065
7742
1013
117
280
2867
4901
1604
5630
7029
6098
1186
6168
293
3003
2920
7883
758
3710
6088
6204
3103
3455
6574
6895
1484
891
6374
5173
2178
7859
6665
4115
6290
5064
7267
7075
6617
5347
2434
5978
7109
882
1668
5949
7406
157
2514
3962
4978
2801
1643
7723
2307
6812
5057
2734
2856
2918
1316
4678
5722
7041
1793
4402
2528
88
7467
278
4343
3553
4399
3042
2558
191
6688
620
6621
1211
1925
1364
2163
3932
31
287
152
1002
4443
801
6161
3148
6397
2164
7281
6042
578
3488
6714
4017
1177
1116
1891
7093
471
2177
1743
4915
139
4875
4733
7860
3627
6379
338
4769
1345
2150
5787
2035
3974
1705
3779
7262
3357
4549
7582
1611
4179
7746
4010
7899
4825
1343
5504
5259
5197
1049
3026
3189
1952
2315
1886
5850
7412
2512
928
2425
3912
6480
7391
4859
3506
1619
2039
3299
4285
1909
3955
4128
3229
5296
7255
6281
6109
2399
6790
2017
6930
1397
2293
623
2760
6430
1014
7810
7429
3099
5167
4365
2196
6640
855
1689
7409
59
4536
1699
2362
214
5784
5752
1596
3614
1441
2819
5855
2089
3309
2735
5702
6238
1258
7604
2797
1053
330
4951
95
6819
7203
592
7897
7273
5049
4529
5082
5467
1193
2498
4972
6945
7371
4302
2295
5151
5593
2884
6263
3147
339
4758
3055
591
5034
4245
4736
7396
2763
5650
2752
151
5854
4501
7418
6000
3493
3738
284
2549
3078
6
1843
7728
2506
4950
7356
4103
2124
3338
6056
4558
4587
5953
4286
3546
2205
2407
5143
2365
7676
7811
2441
4806
6455
7199
1947
5607
6194
4429
641
2468
456
861
5929
1279
2127
4497
5781
903
787
2518
148
2557
2959
2974
1653
5944
4654
786
3938
981
1443
3840
4342
3442
1284
1502
5670
4922
5192
536
87
1553
5632
4575
6967
116
6708
3536
7749
3175
7635
1951
2180
3957
3379
909
5019
5131
1074
3889
2826
5390
7200
4817
4835
6849
1770
5856
2380
2054
5846
1245
6626
4352
4438
4484
7241
4606
7654
5810
963
1529
7274
2861
4984
925
4465
5349
6765
2935
3522
5067
4980
5591
292
2877
6901
5717
6059
4041
4113
3550
194
5130
5565
1238
7817
3417
6514
2574
983
5642
7872
2313
5997
7833
3564
3884
2782
1768
2812
1159
2179
1339
4386
4511
1456
1175
3734
6068
2319
585
5237
6482
626
403
7250
1121
2488
1315
752
3654
4589
7581
6114
437
3422
4786
6510
997
332
1817
3799
631
2214
449
1858
1724
181
4327
3405
775
1351
6890
6876
7597
3844
3914
2750
7252
4491
7361
2982
418
6557
2724
2034
167
1606
6933
1371
3061
4220
1163
2449
3445
3360
976
3856
735
2192
2134
475
2625
5851
6702
7159
1075
7763
2113
6623
4194
3815
4854
7576
4132
2300
6383
6451
3364
377
4614
2748
650
1324
4319
6169
5747
6350
6899
2878
3293
3269
4642
7510
674
7547
2737
312
1680
854
2158
7772
782
7105
2073
2642
7490
310
461
1942
60
2665
6879
2427
6906
2381
4735
5910
2094
720
4330
2729
321
805
6389
5364
1152
1084
1543
5969
7827
6093
5355
1887
2181
4062
4048
992
7618
3212
2696
5541
1350
6063
6302
1591
2579
3582
2137
3575
4547
1780
2161
108
6539
6998
6265
123
7710
2678
6751
2582
6963
37
289
989
3411
529
7806
1119
3838
433
1101
3514
3332
3557
5592
7786
6385
5273
6176
4890
3801
5549
7840
111
4339
2287
7658
5290
3529
478
7714
902
5797
905
2183
6247
3753
49
3316
7703
2793
5153
6629
6716
7185
6129
2933
7589
2109
3865
7558
4783
6199
2806
5809
2620
4084
3117
4822
1788
405
6022
2894
4923
2991
6432
1027
3015
3826
7196
3951
2842
2014
3965
6608
6624
3795
270
3513
7903
4436
6121
7222
7473
5367
2586
3478
5035
4171
4434
3050
6359
1028
3220
1860
5931
7362
3712
84
7421
2363
1729
7560
6940
4531
4613
7079
853
3160
2078
5526
7583
7272
2270
1495
4812
1485
4687
6994
6347
2085
4233
6800
3733
3873
3386
2071
2607
1281
2809
4208
7108
477
1632
6448
3222
2832
283
2133
1480
1917
6652
7405
316
1775
1168
2767
5407
4762
1538
44
3139
4356
4847
6768
7511
4276
1693
6817
33
6292
7794
70
2262
5331
7463
5816
1820
1830
2658
3381
2697
1117
2431
7844
3871
2580
4939
4290
3049
761
7504
1612
5830
3691
6843
1228
7593
3532
691
3186
6486
3778
2072
7725
6513
874
6803
2375
6454
3435
216
2895
4007
6523
4431
4093
5047
6903
5822
2534
4149
4134
1088
6120
3244
7218
5401
2949
5178
5859
3119
6844
2204
544
4151
119
755
851
1142
1821
124
6878
2288
2448
4053
6258
5678
5970
145
1808
5890
6193
6757
3095
5103
1277
4991
5863
4949
2922
4485
5478
65
6049
3476
5413
6367
2926
1564
2977
5466
5821
7484
1349
1661
3776
1602
6554
2484
5481
6821
7527
4279
5509
4369
3233
6524
7397
7324
5286
7156
5368
6155
5849
4027
4878
3584
5729
2930
379
776
6769
3728
2490
5449
5662
4535
3538
3366
920
5553
4217
7529
328
2537
1226
7431
959
2720
2272
3001
382
2159
388
6831
3253
4032
4031
1144
2722
1447
6855
2947
5119
5028
2509
773
6259
5941
395
4585
5967
6869
7061
3498
6798
999
5228
5901
2849
2031
3977
1760
6600
1482
1833
5147
4791
3197
4347
4749
6582
6555
1546
5307
7801
7302
3483
3736
2588
2754
2383
4580
1672
5032
810
2789
1197
2125
7799
5095
664
889
1296
483
2785
3894
5496
3729
3045
406
611
7875
985
4263
250
6023
1125
6517
1491
1288
324
6116
6097
4080
6142
1859
3576
1363
2389
7906
1505
4287
1807
68
1979
1713
1710
2485
509
7699
4971
25
4655
4968
2481
4920
2759
1112
4895
803
545
6275
2384
3510
164
5514
7416
6154
2352
4631
4385
5297
3640
6872
6069
1010
3277
5039
184
476
3598
6856
3726
2796
7437
1898
577
209
4898
5469
3134
2654
311
2858
5121
4833
2539
1275
7901
1696
4329
7343
2454
7904
7270
593
5773
2111
4694
7743
4202
2349
6637
4366
1328
4298
7149
5343
5868
7657
5888
1849
3062
3284
6898
1771
7770
6828
6496
7816
1322
1991
3419
1834
2050
5101
4427
3837
2312
386
2246
3704
14
6360
6149
5698
3235
5545
881
3323
18
613
977
1547
1007
7846
1914
1095
2373
587
6434
7296
1552
2807
2739
5998
621
2443
7299
4284
7071
7413
4765
183
1648
7487
2923
7620
3072
6545
6418
3132
4033
7452
2637
1155
3984
3007
4790
6206
5002
3125
7301
6327
3177
276
6447
2616
3898
2496
3902
6754
3666
730
2893
71
7613
349
2274
1878
5158
4801
6886
4157
6750
6479
1983
2143
798
6941
7619
7747
5676
5236
7913
6047
5613
5718
3179
2197
2578
7533
2871
4976
130
195
6937
2909
341
1890
5576
2492
3797
1523
515
3068
7332
7128
256
7564
1893
7350
2731
3205
1066
3502
7230
743
1599
911
6443
7133
4523
1239
547
6808
4793
1337
3030
4706
2715
5106
3044
162
4665
1738
5483
2047
5284
7426
5731
5109
4879
4422
2160
3494
2058
3254
2292
3082
2151
1865
4871
915
3239
2661
7400
7013
4186
5336
6958
4579
6400
4459
4044
5714
4633
3934
1938
7854
4188
5679
2986
4564
5326
843
40
704
5692
1658
1141
4855
7634
5826
3701
4755
5751
921
4767
7637
3705
6245
6145
1666
6323
122
334
6501
202
3263
4554
6310
7465
5008
513
5315
6858
5359
5699
7422
6476
5933
1291
1739
2122
2382
7081
6489
5107
2022
3807
7441
7295
1512
5189
6212
6340
2688
1753
6939
6031
6009
5412
7607
3617
7914
2060
7495
3486
1179
6773
4195
5128
4520
3835
4947
1749
4273
4275
1540
2021
2762
5788
868
5595
5177
2845
4603
1255
3802
6401
4291
7798
4198
383
5759
2042
4975
6421
6096
6490
1189
3115
431
1380
7513
2674
1411
2028
6810
1061
1430
246
936
5708
5451
3982
5261
6419
5276
4358
4213
3731
7167
5519
2621
2079
6309
110
6882
4637
2802
7680
814
7515
7813
4206
3740
2980
1005
3301
4185
7791
6034
7614
2213
7628
3620
1271
760
2040
1736
5508
5966
1108
4775
7186
7244
4748
6424
4695
4867
4940
7442
4743
3949
5554
6947
4030
6089
7330
1712
511
3578
7233
2391
423
7874
1787
7669
2572
7679
5666
1509
6364
2860
7518
4013
1399
4981
4546
5345
2227
1174
5491
4164
5712
5220
3953
5135
5078
1135
4818
700
6181
1533
4300
3457
7438
588
7808
5779
3304
6675
5616
4381
5090
723
6483
844
5361
1638
470
1436
6926
451
4487
6546
783
138
5862
238
3708
56
7565
1201
7451
2405
3650
1879
1391
996
2297
4876
6252
1024
7702
7502
6395
1205
296
7231
7751
716
5283
5099
1654
7552
3843
3002
3150
6696
7206
6660
3664
6691
5946
3053
3973
2428
1446
4507
1130
6134
7338
1
6796
5423
147
4382
3942
4699
797
7709
2904
3941
1798
2024
717
6859
3971
2843
1574
6103
327
1518
3628
3259
7785
7379
5458
5652
4789
3471
6505
1593
6638
213
4849
7575
2667
878
7584
662
3558
2522
487
2646
5216
3542
7672
7701
5603
6791
5059
1976
5391
6923
3356
3315
1497
7268
1070
7291
7842
633
2613
4235
5945
5068
4264
5190
2154
7659
6293
6602
7378
22
6473
1055
7459
4447
5544
4071
4120
7213
2800
6038
400
6897
6519
3549
939
6950
7629
177
1517
2928
4905
4711
7678
533
5569
3505
5333
5218
6661
7674
7095
5917
394
3340
6526
7336
3963
5726
67
6572
3192
1578
3600
6029
281
1857
5425
686
7594
2587
7031
6659
4944
3700
6525
4087
1930
6368
6261
3416
1161
2838
1660
2414
7766
5376
4414
4277
601
7346
2440
2747
4513
523
176
4283
91
3325
5239
7685
3762
7666
6576
2499
7016
5852
6799
5453
1483
5518
2562
615
866
3721
5025
4086
4430
678
3428
7836
2055
27
6507
2342
4384
1445
1662
3267
7039
3961
7652
3388
3571
1496
6337
3987
6687
5974
2333
6156
2135
4797
5683
2695
3127
1862
6990
4199
1479
2121
3203
175
4376
6563
7633
7605
6581
6727
3660
3866
6336
5802
4921
4051
4588
7009
574
7790
679
5567
7139
4757
4055
3236
3216
2090
5360
1903
2979
6311
5894
4745
1498
6008
5926
2210
3747
4902
5971
150
7696
1659
3848
6861
5405
5832
5640
5351
2568
2206
3130
5188
3450
3667
445
2259
1994
3184
2596
6188
5916
1965
3661
3647
1472
6015
1786
907
5883
7414
5430
7818
5735
2447
1492
4078
6983
624
5866
4192
3087
7588
3195
7793
5475
7381
409
2891
6338
4896
2768
6570
3931
808
5213
2603
5824
5813
5536
3472
1889
5356
7223
4255
6044
2507
6319
6200
5525
2529
2551
3948
7534
6954
7322
7591
860
4746
4653
2242
2200
4397
3771
4267
171
5768
579
4131
4190
7138
5693
5203
5924
2600
5031
6499
7258
2915
4435
640
3331
4836
1618
7294
6124
3479
354
4456
1187
434
6802
1465
3631
5174
3076
2932
4924
2955
5060
1595
4193
5461
1773
3847
6219
3926
1669
3093
5069
2355
288
7694
6183
729
3604
7129
7352
3665
6818
4025
4252
2543
7358
1782
4555
5872
4440
7744
2517
863
5396
3165
5515
2203
685
393
5338
6892
1312
788
1214
3944
7224
2505
2083
2106
4581
2117
7124
4373
7645
1050
5375
464
3041
6036
2544
5108
6673
3431
1417
7458
4166
4161
7644
4615
6512
1202
3635
5497
5564
6357
3207
1431
7126
3562
4257
2224
1703
6369
4493
279
6743
753
6739
5954
1301
298
6094
5636
7821
2009
2929
2521
208
5609
5844
7106
163
7328
1910
1353
6171
5268
5793
3566
532
4209
4272
7762
7596
5581
6163
6658
2104
4068
4669
6144
3648
1838
2649
7092
804
4913
5733
6824
6387
6118
4955
5762
831
1029
7878
5229
3355
5659
1706
4024
4873
192
1178
6566
5499
7148
2298
4903
3610
2523
5774
4471
4317
5709
2216
835
3767
6968
599
5389
4845
6909
1093
2907
231
7892
595
4798
4109
5656
2141
2889
5943
3328
3016
1709
2337
5380
5428
6185
6889
4067
1320
2608
2222
2063
728
543
6192
6976
2556
6420
4650
890
7461
3908
1285
7603
7151
2098
4121
1690
4914
3928
3904
4814
1404
7688
3094
4148
5129
6472
6703
5772
4038
2482
7517
1586
5301
525
6288
6875
725
3418
3400
2396
5990
7380
198
7435
7521
5919
4869
2065
2413
1873
1845
4960
2994
2593
190
3341
441
4240
5517
1872
883
7734
3886
768
7542
5672
1041
438
3051
575
3670
6255
7433
2911
3697
2138
2243
3451
2595
1454
1398
5014
5611
2698
3097
467
1853
4787
6174
4900
5665
4129
2294
4307
1861
7711
7005
6999
5165
6733
4725
3454
2303
2082
1247
6784
5696
5320
5335
0
6053
7180
146
7470
7671
5243
72
4125
7731
4303
5530
1831
7123
3028
1835
2347
2942
4563
6316
6536
5547
1550
5570
4840
7915
2076
206
1139
4229
986
5668
3291
6491
4810
5288
1922
3929
6182
2635
47
5742
5500
7849
3774
1576
2627
2770
2718
1416
3153
6649
2927
6789
390
3581
4996
2126
1385
2743
917
2314
5446
4394
6083
3350
1287
3322
5535
4670
6040
7884
1684
4856
1999
1978
5403
3883
5194
6956
7753
5275
2503
742
3543
2778
2330
3501
7314
4036
4228
652
4097
7780
463
4077
4568
1727
1958
4480
5030
3903
3245
7227
1641
6670
7737
3362
7758
380
6625
2546
7695
5991
4426
698
5006
4675
4970
6494
4509
389
2944
1744
1280
2772
6533
1190
2898
4582
408
6257
3238
3324
1212
4942
946
7190
1048
3877
6458
2916
368
610
2023
2740
4911
452
364
3335
4851
11
960
1354
6834
2818
3882
4476
2245
161
7485
5874
1678
3681
1466
4868
4768
4091
818
3158
6205
2038
435
7424
3587
4278
5737
3988
6152
1715
7482
3909
5627
3995
1105
3279
7636
3330
7062
1723
1233
38
3822
7395
2847
3489
627
2874
3225
1035
2241
5808
6330
1819
4842
5761
4455
3545
80
3497
6722
3461
196
3159
199
3347
4830
1047
2622
7315
3317
2664
4627
1501
504
692
6984
6726
6208
3272
537
918
4105
4354
7650
6150
3141
1471
2007
7245
548
5805
3025
7217
2146
2442
6997
6682
1867
1191
7360
187
5456
4718
5370
2411
7214
7212
5782
528
1278
6518
5690
5827
5527
3004
4201
16
7067
73
5164
5843
1319
57
1528
2992
4265
2186
154
4759
1570
7455
7704
3257
1758
4593
1776
2516
530
360
7158
648
5622
7276
857
6321
3881
19
6013
6404
1283
724
6797
4474
6867
331
7135
7344
7708
586
1874
2332
3487
4661
5162
6002
5864
221
4305
3156
4482
1563
3131
5313
2049
6236
6207
291
7756
2376
6224
2598
4420
1927
7640
6300
1204
2398
1067
7483
3305
1722
1257
3048
4191
6756
7471
3275
2680
7122
6509
4590
2289
5738
5334
3270
7621
7211
399
1203
741
7279
2693
7002
1229
7736
4952
7077
1948
3452
4681
3823
3829
4933
2975
1405
777
6680
2900
2388
5409
5182
3810
7626
3402
1062
5160
2037
2684
104
4592
7232
3413
3363
3480
5092
5691
6613
984
4576
2118
4258
4904
1223
7882
3859
4948
6025
1134
5027
4761
1132
7606
5583
7664
3548
2803
4826
1157
6143
2432
5139
2299
6429
3919
2095
30
5240
4930
1626
2554
5440
3853
4714
1911
7331
1032
1880
1428
6549
7243
5457
7443
2905
2919
7068
7889
6111
7364
34
2462
6870
3206
4123
4311
4407
2794
4368
7760
6745
2102
1677
2668
1102
4574
6256
5029
3768
906
877
3897
3723
5767
6365
1583
6905
1167
3875
4832
7677
1059
669
1410
1432
7113
6934
7789
3594
1827
5015
4118
7566
990
7493
5815
507
2602
1625
6748
4632
3992
5208
4248
3639
5736
3796
1869
135
5671
7032
6461
6972
6868
118
6755
4143
3196
555
1652
5537
6853
5980
6213
651
6500
2110
3663
4400
2115
5227
7150
4065
6561
865
4979
769
365
4256
2477
1707
3968
1103
1314
5444
6979
4101
1230
4916
7090
402
2805
2851
6938
7850
7401
1241
3250
1383
5582
5166
3424
5621
5790
4454
6382
2828
1357
1621
6980
4776
2841
6850
6239
2532
589
1650
1128
705
5920
1937
2494
5533
4561
5278
7765
5823
6530
3414
3831
1171
5171
7110
3193
6190
7157
3711
4741
4500
2408
5959
3861
7307
4638
5839
3541
3201
4136
6267
5987
6032
6133
4059
7787
3939
5142
1335
2261
1627
7419
5694
5578
274
3306
4707
1309
6806
2437
3641
5163
7826
7503
3794
6771
1734
3798
5551
4689
6579
6588
5352
708
5648
3101
492
603
4122
2775
5677
3278
6851
5765
4026
142
7722
7551
4794
6981
1950
4379
2345
1944
4470
7781
1714
2140
3352
1585
3761
2267
6866
6341
3098
6635
2217
3310
1408
2736
351
7100
2733
2852
5993
619
3832
2311
7408
926
7069
1904
1801
1078
182
1825
4234
5145
5155
1519
4800
1587
2228
2629
3860
5538
2707
2003
1928
7890
3214
6024
473
6700
335
4551
4517
6066
7246
105
6883
817
1967
2458
5303
5956
3374
5723
5546
7528
15
6012
223
5459
2010
3440
4698
4029
3910
7321
392
972
1218
6286
6057
6578
7015
2989
2957
2269
4315
1676
7238
841
5921
5257
5214
643
1778
2487
5803
6992
5629
126
7804
6840
6752
2433
1384
3945
5110
4050
2998
659
6463
4478
1400
6466
5783
3915
5274
82
5664
4146
6048
5560
4481
5079
666
7486
4212
6989
2666
6922
3230
1963
3394
5081
1537
2236
4111
1551
7118
6948
681
1718
3985
7832
1580
197
3964
4034
442
3607
5381
6616
4722
2839
7851
858
1086
46
1829
1375
7348
2617
5212
4682
3791
5562
2605
5669
4986
1420
974
5209
6061
5710
576
3788
6977
5604
7574
904
2504
6679
7101
6122
745
4752
7176
3157
3484
1603
4138
6007
7
2985
727
521
1206
2820
5455
5464
1549
718
3336
2412
2726
6759
1461
3223
6070
4353
2301
7692
713
1299
2659
6184
5426
4926
6339
2999
6474
558
1321
5848
5277
413
3818
6668
7271
6426
5520
5051
1494
3525
2155
7625
454
3171
4207
7468
2402
4489
3813
243
1325
3556
7735
7782
726
6405
1395
534
5986
825
3772
5860
2
1957
2156
81
896
2464
6632
7297
369
6425
2008
6591
6433
4648
7472
6314
3319
3427
771
2306
582
5688
3922
5052
2869
7043
5023
3991
4641
5112
3959
3302
7492
6777
4989
5899
711
7873
3437
1453
3732
5300
5624
2358
7741
3129
229
3018
4413
6215
7309
1091
7601
5750
1015
7494
7830
953
4338
3140
1464
6091
4056
6822
5091
1150
3188
6864
3669
4929
5180
5354
1306
106
736
1107
6778
6597
7387
6681
1409
4514
4124
6643
6697
1470
2921
3202
1566
7365
6280
2226
7526
2583
7225
2153
3265
5096
2632
6459
4040
6180
4162
4176
359
249
1962
2255
7127
1687
2043
7535
4299
1006
5269
5754
2515
6826
4721
7089
7289
3946
4717
766
3720
6201
1449
707
1747
2798
1567
7537
7207
1617
6896
5393
1774
4070
4419
688
207
6801
7111
501
1358
5913
3397
4919
3707
4463
527
3314
1816
2645
3696
809
4318
89
307
6838
3757
1060
2400
6686
6568
6633
2581
2811
7210
1640
3373
5645
5644
6738
5580
3401
4340
7044
497
572
4680
3292
417
1892
387
1023
7912
4886
7824
5272
3500
5681
127
4314
3359
6060
5628
5559
7160
2103
1623
1457
4037
2912
373
5386
4106
3508
5053
5249
165
4169
2854
5785
3384
6468
4629
7697
7661
7797
6058
3491
4583
1897
6106
1851
850
4567
1467
7759
494
4805
6698
6175
4335
673
432
636
6766
2394
3154
7040
557
830
3864
5055
956
1113
1854
4236
1336
3012
5037
6035
1609
7239
4458
6908
6811
7571
4727
969
6744
4657
1781
7021
2325
2424
5046
1615
6674
5646
546
2070
7479
5421
347
6792
1877
5024
3668
2870
1691
2128
3463
7681
948
4965
6348
7662
4182
4609
6678
245
3937
2015
4310
975
2170
5505
425
1259
2978
6131
5513
4792
2692
7800
5445
1372
7512
39
3593
4137
3438
2604
5133
2218
954
4700
1679
4772
7706
6324
5433
7894
6551
6260
3688
5470
4958
3178
5232
5776
3980
5727
1508
1900
993
2550
3029
1244
3213
2309
1194
821
4416
32
1870
6786
353
1340
4126
3460
4152
1156
3547
7895
3592
282
1642
7045
4331
2112
3294
914
4572
4573
5983
7866
2056
489
1527
2341
319
3383
5432
7598
2950
3751
1704
1016
1318
6469
4502
2685
3033
5532
5853
3289
2264
144
6713
3933
3814
733
5485
5902
1568
5377
1932
188
6707
6006
3534
4095
180
10
4925
3034
4328
7837
2960
5198
5639
7236
6046
5522
7351
5891
6157
683
2321
4260
7550
227
6396
2092
7610
4172
315
6435
6592
3993
2917
1077
261
7373
1114
4178
5634
240
967
6719
4289
4230
1367
7096
2840
4066
1342
92
6710
6902
978
6303
6132
450
7205
4644
7260
5399
2002
7665
4378
5663
5542
541
3200
7053
1272
4760
4679
2538
684
2273
6071
4231
4861
7382
7457
4104
2346
5454
6352
6636
1767
6266
6543
5571
5183
5314
3858
1415
2993
3447
3168
1081
2592
6444
98
7612
4092
5330
923
3161
6298
4943
447
5501
3209
6485
1683
2471
219
5701
5226
5804
2268
5799
7549
4640
3517
5494
5080
1008
4626
7172
5437
4857
3624
6595
5150
1745
5876
3605
1344
69
6428
7764
1090
3135
1123
4634
6030
2566
845
7907
731
3138
6628
7602
6747
6301
3459
987
2814
5348
6377
3645
6026
5589
638
3906
1748
8
779
7905
5600
4852
2502
3246
424
1355
3046
675
6631
2952
7536
2244
1302
4846
5498
1657
3504
5
7120
4324
5312
5372
5573
6380
815
7317
396
2815
3975
1069
2766
2323
2644
4796
4052
7052
3519
1784
3258
4550
7446
3755
6065
20
6995
3998
6993
6816
6988
7807
3300
7374
618
6105
3073
3393
2201
1164
7557
3217
6412
6291
1198
2045
1087
1039
6170
485
3371
1110
780
4214
6014
7831
2397
2651
1379
2302
2873
486
1695
1692
4496
6657
3507
2872
1719
1941
4782
3596
7902
2855
7757
4802
264
5118
7730
838
6667
1790
3615
340
3005
2194
4696
927
4372
6467
3746
7508
5327
6664
2251
6685
2392
5950
252
4660
1370
4003
5460
5310
7335
4498
7277
7398
7145
1598
7292
7087
78
2941
4622
3694
7773
1532
1149
2366
6498
1366
1419
5955
4605
7514
3143
1129
4483
3182
4184
5930
5575
1499
958
6712
7155
965
2565
5247
5755
5316
5801
7617
5838
6603
935
3215
6232
2567
5625
4009
2149
933
3748
7235
2670
5245
1531
4479
833
512
2280
1685
1759
36
7023
3518
3682
5869
239
3240
3540
5048
1511
5907
1899
3785
6305
2711
1311
6165
4227
7142
1346
4728
6575
185
942
366
2459
6862
6928
3706
5476
799
6832
4446
5319
4838
7099
6487
2810
6936
2853
1160
950
703
6223
2420
6917
3954
201
2825
1234
6642
4816
3204
3064
3651
4843
5141
4183
5661
2119
4763
86
5897
3526
2716
7143
4862
6413
2908
5280
7561
696
7717
6392
301
4453
3426
4150
4377
5011
3925
3678
6943
3088
7642
1262
2069
1982
7570
1140
4739
3351
7656
5601
3591
1717
3781
7010
1473
7257
1636
5963
2990
3218
4645
3080
2669
1985
4022
2387
7376
6343
1455
7456
5094
1645
5346
4841
1115
4692
2742
6460
2699
4596
7318
7769
5017
2495
4908
5157
3750
1601
4061
7761
2061
2958
4656
5125
7173
3449
6197
3560
1369
518
4753
4039
6965
2466
2202
5411
1388
6416
1389
4268
1988
693
3176
6084
6531
101
7251
5985
6825
5819
2899
734
5408
846
6541
5964
4544
7795
3676
5248
1535
715
7434
7865
2209
2948
3643
7349
5070
749
872
5588
7194
3191
7891
7863
5344
2195
672
5233
2018
2419
702
6437
1521
6064
3075
4530
2914
1868
4019
5807
6528
242
2673
5260
2790
6929
1901
3580
800
6737
2833
4102
642
7839
3144
2717
7539
3187
1969
4932
1330
5193
630
6783
5217
6285
4705
6584
6774
269
4616
5539
2296
609
381
2220
3895
4643
1731
1882
348
4961
7420
4635
5181
3554
5610
677
1403
77
6407
3899
4527
6107
3106
3320
5350
4912
7074
5420
1850
1992
4628
3760
5317
3056
6177
3251
2189
2903
6583
5746
6645
7615
1219
7815
789
7404
1468
6269
6464
140
2348
4388
5841
4336
137
97
3369
5402
4359
54
4872
3996
6358
495
5221
3735
4142
7896
74
1237
7778
1895
5071
3378
52
397
608
277
7107
481
5760
1507
4000
6373
1146
1386
2885
1378
3775
4018
7357
2108
5340
4510
4090
2013
4667
3111
1884
2702
1607
6962
6349
3420
7501
5235
5003
132
1195
1812
4608
374
3390
2563
3036
1664
2623
6449
807
3817
4073
4200
2946
4993
6222
2943
6438
3819
3118
6780
2634
7847
5083
6932
1675
1987
6125
4982
1556
7641
6456
2483
2727
1711
3927
1777
5753
1541
7153
323
3089
2199
6562
1560
4387
757
6589
5817
5098
5074
1665
6073
6924
3181
1098
4341
6279
5179
3380
4607
7893
3793
1182
2463
1846
1974
6959
4406
1506
3083
2456
6735
6244
3410
2611
4296
3122
2821
384
4060
6845
3499
5054
6019
7498
2254
2461
3387
1810
7088
6004
2472
1940
2626
4730
2612
4719
1918
2369
6137
1147
462
6835
5724
1919
3595
3295
362
2004
5452
3657
275
4865
826
551
1688
1971
128
7466
263
924
1544
2258
1270
2835
3773
5358
1881
3107
4357
3474
6202
3792
5044
186
28
1824
1043
4332
7525
4401
7266
971
2848
1089
7595
6441
3077
3092
5635
6391
3067
3443
1109
1474
3349
5829
259
3867
565
6709
4433
522
5568
3470
5210
598
4737
6955
24
2084
3243
178
2524
3787
5927
472
4619
6362
6304
6141
1080
7823
455
3649
4180
7745
4004
6386
1682
952
7188
4262
5939
7154
1227
5251
4691
1656
6020
4486
505
919
4621
639
6569
4326
5000
5136
6982
4880
2027
1789
6234
3857
6559
7868
3060
4962
7516
1254
3917
1094
1795
1809
3010
5021
961
2547
4116
5016
5279
2513
3812
968
508
5873
2945
2142
93
4693
7355
2473
6529
6560
3659
1929
6520
7460
55
7310
2650
5065
1151
1513
781
6001
710
5199
6919
7367
3321
5004
1437
7286
4651
2416
2761
6772
1525
2107
3759
7383
2708
922
1579
7027
7729
5231
1099
4046
4295
7423
3722
2331
2744
879
5770
4652
7693
75
306
5909
1526
6593
5923
297
7130
3423
5775
305
4383
6384
7500
732
484
2338
5506
2353
6966
3911
5811
3333
1293
6809
42
6953
6415
3869
2705
6573
820
5981
7828
6284
7489
415
1986
6548
4807
7877
894
5942
7313
4604
2221
6827
1655
7066
3924
2100
3623
2837
647
6045
344
2379
5871
5962
6276
3110
4449
5914
5619
2357
2240
4591
2857
3930
6016
4005
6318
2367
2438
1842
7182
6728
2285
2019
7838
5309
6253
2165
7578
4475
2804
4367
3765
1418
2570
5716
4304
3918
6857
7366
1698
4249
1131
7562
3863
5009
6297
3361
1670
3382
1240
3430
7256
3612
6677
1562
6164
4690
258
1984
1210
6951
7337
5152
4294
1396
3935
7752
6749
7290
4731
4738
7454
3887
4889
5658
5154
2520
7464
5329
897
2713
3017
136
3890
2455
4611
4012
4360
4175
4155
6860
6140
2451
5050
3219
7327
2609
5022
5503
6242
4223
6725
6662
6457
4254
3880
5886
1122
318
7700
7546
4096
3288
4170
5510
1630
1181
2995
4569
6079
3057
3226
7862
1054
973
5005
6445
6214
4504
3689
4130
3164
6422
6651
7402
2969
1594
4602
4671
419
3281
370
6299
3303
6278
6274
1097
3530
880
6344
4396
7282
7300
4894
4054
2304
7415
398
5597
4778
5994
6388
7448
7389
3221
737
189
5936
2527
4085
3824
4216
4081
1305
7505
2561
4732
2682
1308
6730
3425
5041
3146
2377
6186
793
1154
7623
3683
2191
1003
3821
1980
2614
869
5443
4218
6211
7375
7403
2829
2615
6075
5602
7663
7712
1671
3804
6787
3404
3601
6372
490
597
6082
2436
7430
7911
3956
6361
5258
2372
7359
5137
4079
248
5615
5903
5594
4686
1726
2168
4724
5254
5951
6699
232
337
4617
2765
4957
5115
1402
5715
7265
7008
1381
7713
4117
7887
4370
5033
5842
6672
1025
6881
6544
5202
1608
2052
5512
2326
4250
2834
1847
2643
1326
7523
6646
6891
4244
1017
453
5686
3544
1057
1490
4815
5241
6090
7651
2822
4238
7478
7097
5836
5262
2597
1026
604
4709
3354
5707
4306
6753
6198
7221
6112
706
5013
1063
7627
7014
3022
4688
4538
6775
7034
5861
7329
1137
1646
6553
6975
4167
2961
1426
5224
1290
7449
2378
7499
4505
531
2846
2618
719
3646
1414
3703
6741
6233
1004
1639
4023
2339
5012
1757
3655
2132
2144
964
6055
3170
4241
4088
1524
212
7019
7341
2283
5321
2575
3260
3006
4337
6647
4701
629
5495
3047
3038
3685
1256
5912
265
7776
3136
2966
3000
5285
1933
550
6465
285
6556
4977
1169
7226
7738
4203
2976
3327
5222
6694
469
6326
7084
3563
5598
2888
5922
3662
2879
3636
1365
3490
4936
7102
2510
2421
5414
2686
655
5673
2631
2406
4468
1478
4935
6785
6393
3477
676
2184
4253
6203
4075
4064
1530
2777
3167
5847
3276
3579
3014
1019
6888
6462
5371
6342
2924
2343
6842
5299
299
2075
3878
4448
3262
7175
2540
2585
343
7298
358
1651
6406
302
3749
516
1104
1493
5175
3920
6865
6394
7003
6446
4472
6333
7768
7119
6492
4766
849
6320
5382
1975
2824
553
2925
133
2077
3058
3169
7822
356
3851
7520
6964
4539
5725
5837
4457
6148
554
2954
4288
6841
5474
5442
1534
3412
4674
1970
2890
5036
12
7705
2386
1176
1981
4710
4221
5176
134
4391
6781
4094
5960
514
3744
5102
6366
5992
1953
391
998
2467
1946
6683
910
3467
4323
6550
4495
1224
1766
6532
155
649
43
5040
3674
5695
1136
3870
7197
7263
1127
1196
2746
5324
6218
2610
230
1839
3071
5975
3163
1931
7686
4112
3247
436
6220
218
2863
3695
1818
5996
3583
7161
4205
3680
2234
1313
7004
2335
1021
4226
6758
4542
3040
3936
5252
427
6363
7073
4953
1635
1327
3429
4320
7767
3128
7399
5834
3609
4672
5556
3013
1589
3842
2535
7085
4374
1916
7386
7427
5001
3638
1945
6283
2984
6051
6723
3585
1356
5117
5675
1481
1329
1263
3086
4892
7563
5062
2758
7573
309
4313
4421
7690
828
6351
632
1269
1126
1855
1572
3983
2799
1754
1476
6315
2970
149
5900
4165
3468
6229
5292
7170
4312
5614
6599
1046
2690
5271
3085
7114
2536
7177
6654
1056
3210
5424
5721
7140
5889
2865
1158
6470
4773
667
7876
1231
4937
5378
2064
2327
3166
5557
4570
774
6054
539
2741
5302
5168
428
4897
5561
2771
3348
3173
6504
3054
2981
1300
4995
7462
4293
3599
6639
5796
2029
320
1413
7569
4133
690
2813
847
6690
506
7072
4107
3896
4956
2633
1542
6971
4683
3684
6912
6179
4754
3790
3149
4153
4866
6268
6277
5281
628
2351
3020
466
308
6138
7000
7334
607
6039
2883
460
4844
2250
2480
5172
6612
3841
559
3602
1236
2589
6925
2647
5116
5204
5267
4624
5579
3677
6312
4618
3800
4047
5144
1451
7548
7771
7687
4934
1421
1616
2096
1199
7339
1935
1209
7450
7278
2862
1588
4177
6101
6746
5187
4181
625
1377
2728
7545
2781
2541
6346
644
4292
6590
4824
3569
6820
867
3577
6669
2964
5649
3769
5063
1407
2660
170
3318
6289
5940
3421
5244
5812
3313
4697
3516
6935
2564
637
6893
153
3573
346
3252
590
2901
5472
4577
4098
7280
5764
4362
3114
1058
1439
3527
4074
63
7475
7867
2371
2093
1124
1730
2469
1674
62
448
4909
3237
7030
6767
2526
5465
4316
7507
4858
5558
5555
2320
908
7195
6656
932
4197
1765
2237
3392
6564
6334
7025
3473
7509
3629
2229
668
5521
407
5061
5989
1274
430
695
4884
4649
6408
5911
2552
3031
7488
2792
6099
3439
3081
1762
4345
751
251
6146
1162
570
3283
5384
4639
1173
6610
50
2875
2783
2531
5756
2238
1477
6410
2190
5680
5388
7689
215
4560
5264
5529
5026
5093
4595
3515
1852
4703
7283
941
3011
4556
2868
886
1837
3950
5379
1267
1742
4156
4734
7410
2880
2559
6918
6375
421
5906
3464
5450
2896
6478
1001
5488
2700
4601
4600
4804
491
4557
1065
3052
6052
791
3537
6540
699
6605
549
3885
7240
1250
3066
2088
5448
6077
3496
2560
778
5976
3407
3266
3715
2776
3389
1871
3699
3523
1761
6325
4516
5332
6508
6957
5748
6706
3524
4959
4141
6231
2415
4346
4893
3120
2663
5833
4492
7668
5186
5114
2252
1033
538
1215
4983
2638
661
602
3633
5835
4016
884
5620
3492
3290
3923
498
255
5270
3752
6920
4271
7178
5957
7855
5038
1814
4127
3702
893
4863
4204
7750
3672
3901
7733
6108
931
4309
3448
6076
1038
429
2173
1427
129
2652
4823
7600
2934
121
1079
7880
5415
900
1429
6580
6226
1064
1185
7091
23
4882
7141
6440
1908
1769
4803
1697
4540
6973
1681
4625
1031
1995
7377
7541
174
4891
7916
5256
6854
5429
750
7136
1000
1554
2260
3261
7567
2938
5282
4460
3009
5617
813
2971
1934
3642
3632
1779
6907
5654
268
2291
3343
5043
4008
811
5365
7064
1265
5952
6080
4811
3433
4425
5705
6087
5492
3039
7707
3183
7001
4403
7587
796
951
4035
2493
304
371
1145
955
3344
5318
2475
5743
3803
5205
517
6663
1813
4997
2687
4599
5075
205
3862
1915
5528
887
3043
5230
3121
7755
2147
6622
6653
7166
3019
6586
1012
4395
7407
114
3232
739
2996
4565
3255
6439
7017
5540
7474
6969
1153
7363
3836
943
2774
6115
6307
3947
2105
1347
2232
4110
4348
2997
6978
1082
1644
1438
6527
7035
2676
2417
738
1076
5999
7820
4747
273
3611
2530
322
5294
7739
795
5146
1120
5577
5400
6287
5905
6189
5552
2053
5086
7249
5215
1794
