0.6081589858456846
0.609801049099759
0.6211644749380598
0.6341637010676157
0.6604182729375482
0.6507536470702273
0.6879332913172056
0.7099941095621441
0.7323943661971831
0.7591098190566888
0.7706468416527588
0.7993839628357907
0.8184448279362502
0.8203775116703876
0.8361094286291136
0.8415821603349982
0.8392058306107062
0.8383682029260499
0.8359453993933266
0.8334762216954965
0.8319019637386369
0.8301014769416256
0.8287301110777544
0.8357347256388373
0.8293893512483707
0.8360046224187309
0.8334174659262998
0.8436347096578561
0.8374577894259362
0.8151502884323449
0.7104360607545321
0.6095543473209721
0.5167880536851267
0.5331867527827402
0.5041307308216069
0.4574313301882633
0.4176800344976283
0.4282165271966527
0.3760265520616144
0.30421889209600256
0.292586348845415
0.28315830416180476
0.26834381551362685
0.253641234623802
0.24542688652668745
0.2311096236799048
0.22035149904002363
0.2084020071054463
0.19763862228821846
0.1830848995463383
0.17263612852942217
0.1610414317925592
0.15004887585532747
0.13944057398357076
0.12826652072786976
0.11928795525849134
0.11208441843947645
0.1029179678318391
0.09281080365417715
0.08554932365555921
0.07988127079392002
0.07483829236739974
0.06854203504259765
0.06187370765070781
0.055511724050872596
0.049829628934946385
0.044035622939200644
0.03917601618539636
0.03188211245690576
0.026541433116194516
0.02209277759333595
0.018263742865725442
0.014021745588497416
0.009419198629934745
0.005483388558191362
0.0032038092998647933
0.8935093843274143
0.8861573750872643
0.8810392205845616
0.8774388432207586
0.8819272330722713
0.8869092179467984
0.8911763250358786
0.8814171726802831
0.8754756139744033
0.8686828292926768
0.8591493765708935
0.8586581034398871
0.8297233124969715
0.8415910330803947
0.8496673617317049
0.8350643542215376
0.8328287089889314
0.820967272020977
0.8174728529121421
0.8028472188249107
0.7918413100692075
0.8318227091633467
0.8222089492807725
0.7915693194810359
0.7884634314401023
0.7605612998522895
0.7618221473183305
0.7806702724561492
0.7755945183393793
0.7078211208982673
0.7843087790110999
0.675441066066066
0.6054777242218118
0.5579960621308248
0.5230409853472074
0.5103791174642636
0.4711710248497645
0.3985658107795512
0.3907634234650643
0.40179212824681465
0.36530928977902594
0.3132914760029797
0.29706068490260884
0.2738877481177276
0.2591185152512469
0.2525686656369619
0.24567299613510335
0.22895778364116096
0.21968955846866237
0.21127721806954827
0.20295729433509518
0.1903962282429683
0.18159658744667886
0.17283196088522904
0.1633421632145023
0.15348201804549497
0.14419060878369827
0.1355039051472664
0.12660596233004864
0.11962107609435949
0.11295082476468578
0.10190057574444375
0.09708618625072922
0.08706437560503388
0.07919386028523084
0.07305296414413877
0.06631839914999114
0.06095165498841948
0.05075270069592057
0.04468536683301784
0.03888809693513899
0.03357496066531805
0.028915863448237548
0.023606034790733463
0.019849829351535835
0.013413218902652957
0.8146560846560846
0.8152469234457408
0.8351808792516087
0.8151080676225123
0.8408841597191751
0.8081498627334877
0.7834465916330431
0.7331153571063656
0.8248314117902981
0.8286981276688931
0.8049030172413794
0.8162622808445964
0.8110639224654252
0.7879393186848782
0.7292782855341947
0.6940088870728842
0.6589234297984481
0.589861539169235
0.7550499791753436
0.7206898316360473
0.7544584488258982
0.7695606140815247
0.7572254335260116
0.7041001922777114
0.7214091852482571
0.7212549102877163
0.7473819192135072
0.8106453392167677
0.7913755458515284
0.834408004446915
0.8086984957488554
0.8165311653116532
0.7678646934460888
0.7761749895090222
0.799279686072139
0.8007015650296816
0.7577184720041863
0.7684996605566871
0.701851668482028
0.6930770739360659
0.7343956155485639
0.7688099208003335
0.7453631103660845
0.8053229830884392
0.8096191300584289
0.6835412667946257
0.7472168317842917
0.7454490291262136
0.7140278997171008
0.7171217050973735
0.7261113221884499
0.6968365553602812
0.6862771925023943
0.6737380475872804
0.675978663773619
0.7182317868455376
0.6153105053992213
0.5702023298589822
0.5695470118005329
0.629682702149437
0.610541844424066
0.6117985611510791
0.48200452203565736
0.3006481864570404
0.30117835727234693
0.3652015259578703
0.4301105164384514
0.48173506621294737
0.39691808036485504
0.3237062911880154
0.23951877506379876
0.18239858560062863
0.1525244430197147
0.16522899645193842
0.1317035432461705
0.14362578919540944
0.8867818728653719
0.8911620294599017
0.9026667354412751
0.9170246202200105
0.9251156264615704
0.9120696806304438
0.9015182392500509
0.9173743162281844
0.9266804550155119
0.9339200166631951
0.9316692667706709
0.9295825960237327
0.9490830749829225
0.9635386171288657
0.9374022724903576
0.9339227791147849
0.9562186427251123
0.9524362561368316
0.9557218584346742
0.9672277279639243
0.9167663736149404
0.927689964816468
0.9252331579221591
0.9424550430023456
0.9317943336831059
0.9061665007596794
0.8935384935280969
0.9079002079002079
0.8771812426005045
0.832697069748246
0.7868844144646752
0.7718885765397393
0.7954440747376503
0.7617291538619135
0.7575523249819569
0.7468772581810674
0.7488492371347297
0.753099173553719
0.7487263932485978
0.7519412163218511
0.7620313884978361
0.7702505978995529
0.7592042909961985
0.7630385487528345
0.7794672818791947
0.8015823766677009
0.8086487047708041
0.8242852719578904
0.840559655596556
0.8710686903457988
0.8863389672817491
0.9110231298187123
0.9147859319320353
0.9404053698341669
0.9698635931056361
0.9686299278909416
0.9734329154441185
0.9621667193592581
0.9673040354954574
0.9628578933543472
0.9613828613460831
0.9727195225916454
0.9676734433887149
0.9671031619290962
0.9640562782054686
0.9591060389919163
0.9682955517536356
0.9629099013053167
0.9634876510210627
0.9649844969528494
0.9702502416496617
0.9755257920499166
0.9668924003009782
0.9750835940028044
0.9685908774186632
0.9617742709388495
