0.7222699045791892
0.835755197284684
0.8350198675496688
0.821671826625387
0.7932555780933063
0.81163091238046
0.7766179540709812
0.7964873433647023
0.8000203386383281
0.8123059697694539
0.8165723108594957
0.795424023874658
0.7936586574188754
0.8036598170091496
0.7851179141643474
0.7884202304237453
0.7920184567052818
0.7831325301204819
0.7947214076246334
0.7885082544246691
0.7827913413067115
0.774452085291644
0.7950498038031996
0.7943327239488117
0.8081820506264382
0.8168752897542884
0.8301362683438155
0.8313668163307926
0.8410141840286798
0.8289970851775883
0.8273658639628222
0.8356105663612495
0.743161968516291
0.7414611732271404
0.6400834243718343
0.5749416194061859
0.5333455478197142
0.5136786307892727
0.45790821864281683
0.4274193548387097
0.3977206312098188
0.382380659700881
0.35658069984259594
0.3346185952220058
0.3193741729586674
0.3010079413561393
0.288801795974278
0.2721178110052352
0.2623854577963198
0.24413610835811034
0.23317780855872275
0.2165327620067845
0.20421772982786915
0.19555494392073214
0.183132039625458
0.17135049424783239
0.1625748502994012
0.15373377162399973
0.14200019995334423
0.13231054706915404
0.1256344341177246
0.1172692596094285
0.10744284092751744
0.09723114480277528
0.08822027949716035
0.08225969432865984
0.07379522757676632
0.06505696730169512
0.05400504088030983
0.045052489823401584
0.039378175659327365
0.03320600354919241
0.02631735635605835
0.019738017267043762
0.014096577811927418
0.009905368355885735
0.039920571472780254
0.01624222979747343
2.4806509228021434e-05
0.0
0.001335542749734128
0.0
0.0
0.0013744158732538671
0.0
0.0
0.0
0.0
0.0
0.0
0.0
0.0
0.0
0.0
0.0
0.0
0.0
0.0
0.0
0.0
0.0
0.0
0.0
0.0
0.0
0.0
0.0
0.0
0.0
0.0
0.0
0.0
0.0
0.0
0.0
0.0
0.0
0.0
0.0
0.0
0.0
0.0
0.0
0.0
0.0
0.0
0.0
0.0
0.0
0.0
0.0
0.0
0.0
0.0
0.0
0.0
0.0
0.0607905443530425
0.0740442054958184
0.4925542706431325
0.639312642468876
0.5213943565591918
0.535150126612806
0.5466035388998114
0.5336841682400675
0.4514505183085987
0.42350356946732565
0.25269381138552494
0.3365005559486506
0.4321805160686652
0.34543761638733705
0.47209961603330103
0.8017735768903993
0.8505961866036595
0.9229186903605509
0.9127497566840328
0.8937200820606337
0.8840842200588634
0.9039921767142199
0.8885574992830514
0.8937095758685822
0.8684089867033471
0.8803895881984394
0.8523326342044102
0.8427480916030534
0.8375763747454175
0.8714368147720716
0.8326343454677627
0.8110068724773645
0.8414060791602886
0.8099619813763844
0.8310269082921472
0.8071293935026056
0.82348401323043
0.7894157167244892
0.7712112982074959
0.7940819255824224
0.8158937440705396
0.7970305196590597
0.7866454864154251
0.8018463567424992
0.7800303555941024
0.7341539108936931
0.7436779176806687
0.7092670157068063
0.7201459473547042
0.7105399255275134
0.6871660501438553
0.6567179279643869
0.6775377089278435
0.6721429675027039
0.664349753198348
0.758231868713605
0.7574630829703601
0.7389417000934118
0.690997830802603
0.7946865152667608
0.7658258484375841
0.8403562482605066
0.8598491106338455
0.7960269044267168
0.864498219149382
0.7957576973222344
0.821942997241802
0.7472780774889651
0.7202170437478804
0.8373840741925168
0.7873408358429757
0.7549446865571572
0.803816604708798
0.755674802925254
0.8048793256897545
0.7658887067219596
0.8460528309510581
0.8481108694552627
0.7800174385802944
0.7994306279207176
0.8408753709198813
0.8117738943668847
0.6267296185489902
0.7546139614638329
0.8449438202247191
0.7859812605601352
0.7854388635210553
0.7822077988976459
0.8014687002516304
0.7929373996789727
0.7236308074296901
0.8881739401172747
0.8987552731628561
0.9091484647040202
0.9243176841318165
0.9149330368958764
0.9054054054054054
0.8883778616092192
0.918970246887529
0.9060060372644947
0.911804755420551
0.9109165268456376
0.8941029250743
0.8964448878853122
0.8830875793671616
0.8898639062582103
0.865604123928252
0.8532820539473001
0.8236589271417134
0.8543387912473086
0.848291123678387
0.7785250906315588
0.7511533753883816
0.7275501710903542
0.7287497705158803
0.6985962014863749
0.68595416383027
0.641459827993405
0.6442036448305198
0.6293818571046293
0.6248544558889386
0.604097526439223
0.6043970805534411
0.6209068010075567
0.6078667201211635
0.6149296531947307
0.6088490043753907
0.6319829230629485
0.6405721597660178
0.6372513398128804
0.6458008975180878
0.6815402567094516
0.687700983362073
0.7026075371145794
0.717030609325832
0.7762943183503931
0.8227166159525116
0.8590358339778293
0.8767536111399772
0.9021630964227727
0.9220966964715961
0.9060318126935797
0.9031733543141883
0.8906177306797622
0.8902240646481607
0.886166996768477
0.8756503374027713
0.8878210178036868
0.8754044476400801
0.8642853513540979
0.8590067765753009
0.8576041982036532
0.8466477904742643
0.8654878111105433
0.8437041162472786
0.830652458027546
0.8114504957895261
0.8040717597258618
0.7895914106770057
0.8003630679239574
0.789918487773166
0.7968191655342494
0.8060183782692113
0.7954821103699211
0.810706485855046
0.8121101475734064
0.8111711529720721
