0.9097222222222222
0.8998031065412383
0.9153128430296378
0.9069628826876185
0.9148878240034851
0.9044422615149531
0.9073646945234136
0.9101183780598854
0.9273990589780063
0.9247259571251147
0.91519014693172
0.9105660778889125
0.9215237080447523
0.9062664560294892
0.9154506663857135
0.9116633601336536
0.9140094093047569
0.9041394335511983
0.904153017013632
0.8907708442579969
0.8897140148522673
0.8917432172612689
0.8872577493795216
0.8994386782461343
0.8659410945478929
0.8974058488254408
0.8891731968655046
0.8881663113006396
0.5326365884383893
0.6675650960196371
0.5276349614395887
0.4572542226071893
0.4334758498073911
0.4269567794098971
0.40527012492760817
0.3898807075277663
0.3804596761001145
0.3622595667139097
0.35582106364148364
0.3396128929692778
0.3255594075007879
0.3096968276293171
0.299253788752981
0.2859316746557103
0.27611968456401165
0.25628253623459796
0.2483948784561143
0.23644251626898047
0.22713370230119428
0.20986093552465235
0.20060986547085202
0.1911032028469751
0.1770652903955601
0.16360153256704982
0.1468557887144967
0.14510686164229472
0.13501895477931222
0.12462351917542333
0.11265096020589982
0.1056247739899405
0.09806665798724125
0.09205869103545916
0.08318719510250933
0.07509370964185592
0.0656433295894172
0.06058918182943433
0.05457200219018069
0.048227335870024764
0.03953648944793011
0.03157454936134654
0.026345491267672567
0.02211643653351468
0.017438118087658726
0.013022278022715992
0.008390718129737863
0.006499884446498729
0.9041961197172507
0.936826042726348
0.9534381745297564
0.9472078120231919
0.9396373187856746
0.9459650898052112
0.9376431915529435
0.9414807302231237
0.9258048538880634
0.9240678993634435
0.9064662843583152
0.908422033648894
0.863919617409787
0.9312204303810347
0.9140396817403565
0.8853134898687717
0.8337541270149543
0.8816565116163868
0.8708341749141587
0.8262296688222615
0.8768534807740639
0.8777140004991265
0.8718281070841019
0.8376051459673429
0.8476209397039833
0.8480873222511516
0.8292682926829268
0.8116688748221208
0.8223231287534788
0.8165173354109856
0.6189903846153846
0.7270617149098854
0.6053361984063031
0.45843140551445866
0.4125457875457875
0.3805627171841722
0.37665732959850606
0.3612792648238641
0.3475594537740222
0.33304032910235226
0.325609756097561
0.31340977753364463
0.310565229408513
0.288990981793432
0.2746282843370222
0.2664204163868368
0.2540555034186888
0.23849854996045347
0.224550800922767
0.21030961257902414
0.2034874368625937
0.190606489827453
0.18123060186222123
0.16828768876375735
0.16019909961321413
0.14939188121939662
0.13663291853430712
0.12889369592088998
0.11841378887321352
0.10638490293018209
0.10031736436451565
0.08846624667841041
0.0852667180917344
0.07556490981905346
0.06758411569187708
0.06126436781609195
0.0569571538527324
0.05035950857725188
0.0408351759075261
0.036597866740545784
0.03137568178061815
0.027018970189701896
0.023298786856270588
0.01894909081312185
0.0165297929840212
0.011264827263996679
0.9739336492890995
0.9678552912034103
0.9591507039003
0.9712443360055768
0.9672435822975955
0.9621234025328167
0.8323718297594427
0.9107001021218655
0.9644831236034341
0.9686798250797778
0.8815694544647317
0.9701765782791
0.9705483090361802
0.965220466871021
0.7958799483648882
0.7694054282395184
0.7996013010177316
0.8697248712046476
0.9616887282057263
0.8221442619465263
0.9552931500411233
0.9523504770770305
0.9429341457698617
0.9575468924560475
0.9487119162451476
0.9488142756515614
0.9450632763748761
0.9400240591166867
0.951145923991877
0.9459912199630314
0.9174840328467153
0.9644291451520367
0.9053603202846975
0.8282125098141848
0.9470013149619805
0.9469579677733815
0.8817357088206361
0.7988744676536199
0.8929952491437411
0.8411561919915141
0.9480639390616885
0.9344978165938864
0.8821453775582216
0.9060770192250461
0.9254028713741577
0.9101363100914344
0.9065331990759936
0.9276812257031786
0.800832136311853
0.8496475727191503
0.8212723658051689
0.7806898488323115
0.7173496911163317
0.7094485812034614
0.7108302462410111
0.8504733345093197
0.5293768959866104
0.6131164616802212
0.6813344962930659
0.26632228997553115
0.7944908099763616
0.7670933954029677
0.20120786133478913
0.15140102960992297
0.17404039371955995
0.35634156807454176
0.4603077674645823
0.44831736555774876
0.6576819407008087
0.2511024814059106
0.09986257443884562
0.17452342673403767
0.06655991962575743
0.13912575172785208
0.08939744095597768
0.0548246265332185
0.9466853553444428
0.9462790576733059
0.9665527215356298
0.9514180672268907
0.9510903753407423
0.9535689899679605
0.9422858323860701
0.9701012444631935
0.9614267938614682
0.950010349824053
0.965333889381223
0.9527255688030406
0.9540458494713703
0.9612798150677735
0.9335221421215242
0.9292981998434646
0.9570399406716813
0.9401655332384417
0.8334705075445816
0.7685887387196543
0.8208171999184838
0.8692525044952479
0.7851159957358241
0.8733719983719984
0.8397413046799409
0.77329510546795
0.7660289029106452
0.7355240152216395
0.750968004890972
0.7697105140065486
0.7694760117241733
0.7803160694726959
0.7558884297520662
0.7211308595780065
0.7329373762634156
0.7171103845555037
0.7310391433175651
0.7351711321046925
0.7593769215003074
0.7818635088812714
0.8161411837556117
0.8132009465994444
0.8397907386304776
0.8498718605843157
0.9062992954043537
0.9668545777221005
0.9541908800586357
0.9514653918104344
0.9675369018227662
0.9730363423212193
0.9720717403881555
0.9659935126085591
0.9697144354204873
0.9653713983610891
0.9781643227239082
0.96483965625655
0.9706710589235429
0.9612818492251116
0.9701563240170535
0.9675763448745482
0.9640272679601468
0.9754766949152542
0.9649334945586457
0.9671689135606661
0.9701713560397716
0.9551440113320392
0.9649747541854903
0.9724507670258506
0.9788743751007902
0.9691740570573779
0.9750334851326011
0.9752589491761928
0.9717001396198045
0.9767027988998543
0.9712834224598931
0.9690315015191088
