0.5741188894266731
0.537186930542018
0.5624295988215926
0.5848414809646331
0.592900867573876
0.6274474008488887
0.6116366866533423
0.6240864457696274
0.6295056759079192
0.6187837898217238
0.6193545479130983
0.6028577709386679
0.5985804416403786
0.6079291251384275
0.5990245601811531
0.6138945143964075
0.6252872547286548
0.6238973182780522
0.6523601239292874
0.6656211079846857
0.6691652785489542
0.6773276143409949
0.6942822155237377
0.6968047337278106
0.718692936088419
0.7433084686265906
0.7591991612162364
0.7663397057351616
0.7842392717815344
0.8215191210648637
0.7930321175830158
0.796607359929274
0.8452989054167837
0.76655014201442
0.7081473514385588
0.5511703480431404
0.39846574376157307
0.43739339602011806
0.434525620409405
0.4092777705655805
0.4040531449714094
0.39045154828478423
0.37546022421710173
0.3532849084932841
0.33249450768923505
0.3113267326732673
0.29243848223686775
0.2764466808592994
0.260343972848263
0.24608501118568232
0.2338354836303975
0.22355037493503602
0.2044010139230741
0.1904019152640743
0.17825356542874504
0.1632943858649188
0.15539279552096905
0.14842631082544452
0.13206769885680936
0.11777800263078013
0.11335004177109441
0.10816711322814329
0.09973081215941172
0.09023994811932555
0.08140097397361885
0.07235857765893101
0.06327290942675558
0.05725582988262399
0.0477030162412993
0.04051604976194133
0.03567840725745076
0.030461454776223144
0.024738883915249178
0.018454577925943565
0.012951682535927612
0.009859487542803164
0.13367728471638504
0.09083682811172326
0.06952782735680675
0.020658605608438383
0.020855187571806783
0.006158564786641027
2.4385485758876317e-05
0.0
0.00040468421984470244
0.0
0.0
0.0
0.0
0.0
0.0
0.0
0.0
0.0
0.0
0.0
0.0
0.0
0.0
0.0
0.0
0.0
0.0
0.0
0.0
0.0
0.0
0.0
0.0
0.0
0.0
0.0
0.0
0.0
0.0
0.0
0.0
0.0
0.0
0.0
0.0
0.0
0.0
0.0
0.0
0.0
0.0
0.0
0.0
0.0
0.0
0.0
0.0008617505847593254
0.0
0.0
0.017311497032314795
0.2446973958505675
0.6038403007788022
0.7190678573134043
0.5801269921365796
0.4751828836623928
0.6774453600859907
0.4773426845899084
0.2922347968366512
0.20908403678971904
0.4096057664018829
0.20613913311738394
0.16630523971398428
0.1969983490920006
0.1935436014598107
0.13622447546555067
0.088642217914332
0.900479094076655
0.9048220562390158
0.8931074444015231
0.9265511458915595
0.9431753608364587
0.9440260184868196
0.9273077795418462
0.897705966692401
0.9361823038017844
0.9338810198300284
0.9011174125442192
0.9163139228921177
0.8998020921685044
0.8189139188159756
0.8135315277190013
0.8278280421864126
0.8319296572911701
0.8929156205654405
0.8449738903394256
0.8314038806456873
0.771626847486359
0.7536550856783525
0.695493997193493
0.683160621761658
0.7088392809799035
0.7205789140080288
0.7753330097610959
0.7844515326809753
0.7644051549685803
0.7990206629358588
0.7702033505426193
0.8055555555555556
0.7718666392261783
0.8323557641036579
0.8768031835516498
0.9376291025935276
0.8866008304342947
0.889707094576029
0.8481067125645438
0.8794736262526154
0.9050672065688095
0.8956570783981952
0.8716392020815265
0.8726191157124064
0.9451590674170208
0.9202329286381365
0.9247980111870727
0.8832533182716746
0.8463905695806384
0.842390748132228
0.8468277945619336
0.8161717634313291
0.8027824872843323
0.8614022701352305
0.8300740661799968
0.9066169208822561
0.800233426704015
0.752678409297258
0.8099670897978374
0.7865810135617416
0.8567713444553484
0.7873449830890643
0.7268922689226892
0.6542056074766355
0.7299277299277299
0.7748671401025256
0.7280166312809625
0.7469024018299657
0.7017579514277005
0.6984935854454427
0.7766505384735446
0.7582595551716692
0.6622466983906325
0.43541597691907485
0.622766279656739
0.7569577853307718
0.9058083204315037
0.9037896519097655
0.9232203133659126
0.9226775260880631
0.9131724484665661
0.9295431472081218
0.9399264816959565
0.9153741906339407
0.9229429907471893
0.9049259386841199
0.9156092949196397
0.9082847606237234
0.9322837824200222
0.924723023220519
0.905537297081964
0.8749256395002974
0.8688516461721539
0.8196019996154585
0.8530604363776791
0.7972876197296571
0.7543372657876475
0.7995865782136333
0.7146296296296296
0.7460953890624271
0.741709722874589
0.7845677818603751
0.7486052009456264
0.768216648422255
0.757831782798557
0.7448504983388704
0.7296462661426165
0.7806851771090759
0.7232503522780648
0.7390784819806901
0.7207126317281792
0.7772959805115712
0.8046548637358265
0.8393424436488326
0.8377888536474852
0.7760684606252474
0.7480017653116265
0.6775114155251142
0.6745021064726159
0.6842356080823484
0.7079941147621382
0.7974919419822724
0.8431332236842105
0.8500207296849088
0.8383693536822698
0.8813488323384647
0.9013681527337044
0.8874634371632371
0.8583625326950599
0.8155678187627069
0.7721401356751232
0.7630336142235392
0.7778042391045487
0.7854913458810177
0.7802254579614842
0.7882967705489126
0.7956270157465377
0.7938326411761898
0.8149521012853223
0.7853714177082838
0.7866021444159788
0.7883477684698755
0.7885960709151892
0.7733270276661149
0.7899802685403532
0.7872157462258743
0.7877682300417647
0.7895013876926021
0.774480853495904
0.7854644756383845
0.7863439271930243
0.7766866531325244
