0.6300866616428034
0.6393657941645557
0.6592364239981029
0.6701765983567853
0.6941549397243167
0.6735795861805324
0.7073869058980722
0.7159242974574651
0.7321784827988905
0.756632177708037
0.762847806713536
0.7906919111816019
0.8045822772228021
0.8099910349636418
0.8262446586505018
0.816159423864253
0.8134589767625438
0.8052107354889357
0.7974483236079517
0.7809319764327799
0.7826193510440153
0.7804950056586134
0.7757210714460604
0.7826833455972528
0.7752002344207853
0.7694752799647905
0.762417421091265
0.773402638160153
0.7722835418199656
0.7686648772243762
0.762215300759198
0.6947316592811423
0.6673187909615572
0.735669414998037
0.6489810438583117
0.6123330714846819
0.5955111726319953
0.54647235715938
0.505334713906271
0.45219298245614037
0.3904620601949979
0.35374937924184735
0.3446801579868887
0.28380208131842627
0.24679379948700791
0.2302184824328314
0.21932353048491263
0.20760351043297767
0.19695003244646334
0.18228608192150975
0.17592985433460614
0.16236706328314204
0.15055820262233507
0.1371641687961876
0.1242113161215511
0.11531952342269158
0.10750201126307321
0.10042522091555378
0.08967071736573892
0.08315676239527985
0.07628952553212105
0.07008612685300804
0.06408345752608048
0.058666666666666666
0.0542831323424013
0.05065950020078461
0.044630020494937445
0.040844856404801705
0.03338285679633728
0.02667508721279923
0.02243158366980709
0.019646831874165306
0.014624098867147271
0.0103551161294097
0.0063524292965917335
0.003802612481857765
0.6422856623329394
0.48286996267874366
0.4077212806026365
0.37233411288352125
0.3693437738202481
0.30222679454418744
0.2435609771513447
0.13259829658149574
0.053222419641414956
0.00010503925842283553
0.0
0.0
0.0
0.0
0.0
0.0
0.0
0.0
0.0
0.0
0.0
0.0
0.0
0.0
0.0
0.0
0.0
0.0
0.0
0.0
0.0
0.0
0.0
0.0
0.0
0.0
0.0
0.0
0.0
0.0
0.0
0.0
0.0
0.0
0.0
0.0
0.0
0.0
0.0
0.0
0.0
0.0
0.0
0.0
0.0
0.0
0.0
0.0
0.0
0.03775954454119223
0.003955831293756047
0.0010294243802007378
0.0
0.0
0.0035392888498683057
0.0
0.002776046682907484
0.026445210118679507
0.4491617679076856
0.2625605268254891
0.10269910029990004
0.0
0.07429468202732104
0.0
0.17496571988246817
0.029998247765901525
0.8054388912221756
0.8499082172551561
0.8691783831282952
0.8901092774308653
0.847696920141728
0.8321089023336214
0.8501173516729437
0.8618522601984564
0.8714365881032548
0.8582554517133957
0.830328853927674
0.8351527785396895
0.841403353439212
0.8116391746964995
0.8088416760555823
0.7471956792687994
0.7489233642920148
0.7787207292157787
0.7485014334115194
0.7368286445012787
0.7404795486600846
0.7433127304835611
0.7154349179987544
0.6725352112676056
0.6835533357117374
0.7209217833601494
0.7764091078760732
0.7495840266222962
0.7280345483522698
0.7653151974888831
0.7405027502184753
0.7528836251287333
0.7171381031613977
0.7140061223465649
0.7121603157734933
0.6983790334797758
0.6656983900349565
0.6797218887555022
0.6696904750037382
0.6824823015514385
0.7079596412556054
0.7032221882328948
0.6757300042319085
0.5703381642512078
0.7116713253520384
0.5530004082188053
0.7031414716424204
0.7039929657598014
0.6703692432542098
0.694932143873968
0.6952859535774109
0.6145443055116688
0.4977459448072467
0.6210772150051087
0.5258878904578519
0.7803947586664455
0.6798123697011814
0.7740913142517579
0.7440039158100832
0.7438683638621546
0.7337284258681639
0.7689914587929182
0.7638067294496238
0.6557342249111076
0.6067398597133272
0.49961878279589184
0.6881711682395054
0.7283416528008874
0.3873929904148679
0.45066448579022694
0.22008793426553266
0.24492116207402087
0.14181001749925712
0.2586522991731208
0.24534834805682296
0.49976983817853476
0.9083629447975576
0.9085622618808903
0.9186317174375064
0.8988593923488443
0.8818850666136409
0.8887895494958525
0.8788857884172908
0.8854208019055181
0.8591856519631604
0.841991341991342
0.8685455166024673
0.8691754506945129
0.8701690224374815
0.8558988487651285
0.8307737028244756
0.8383556274192758
0.8573537371451065
0.8739056904098687
0.8383114107982336
0.7283786107290234
0.8615838329143299
0.8624020501700261
0.8609274839743589
0.8377467265976158
0.8552585385425548
0.8436308926780341
0.8001787221367225
0.7810254418333658
0.7994803377804427
0.8152595890056421
0.8289151606687152
0.8200052924053982
0.8160669975186104
0.7840466926070039
0.7848821886036582
0.7715505878631307
0.7552773558221151
0.7488112466404796
0.7429085303186023
0.7399614603406073
0.7551212374581939
0.755784460893421
0.7254297507706777
0.7614636642784033
0.7932784423385635
0.8007415684681024
0.8221572849379678
0.838155933597163
0.8495903539959808
0.8909015198834062
0.900533319525708
0.9102917468407093
0.9173839097046849
0.936570497661464
0.9101339398534243
0.9018574297188755
0.9192581587171474
0.9041723287533343
0.8797380432625521
0.8716796682136861
0.8556388031927917
0.8618694362017805
0.879056340832172
0.8518627885230572
0.8576869806094183
0.852722711397511
0.8674234846969394
0.8529848529848529
0.8605790868630294
0.8584886850762636
0.8575851393188855
0.863872774554911
0.8513473053892215
0.8645514333048848
0.8559478165612707
0.8505126554064094
