0.6324890747615244
0.6406213226641563
0.6451064633397856
0.6616463500729515
0.6824030229109868
0.6730001443070854
0.7084135541008857
0.7192531522793404
0.7290141951962277
0.7547692003558367
0.7618165431604246
0.798370057349834
0.8149326063910344
0.822213222638453
0.8384829329962074
0.8286916449609296
0.8250398089171974
0.81827184946769
0.8043241098879301
0.7910931970114039
0.7898970083374203
0.7933145706808867
0.7873416478444466
0.7927039684495933
0.785302452848627
0.7892973292598797
0.7911913500644777
0.7949287158995609
0.6619384198295895
0.7848601640478308
0.6487854251012146
0.6412693840318786
0.6035794813979707
0.5513171087412269
0.5494797634871889
0.5528687017285767
0.47763163682751947
0.4411852995411467
0.4159073490590139
0.3360138313698685
0.3234252516811906
0.3050060478364353
0.2918573791299665
0.27779040691066154
0.26830003769317756
0.25038202079683947
0.23593065626265228
0.22411337156214617
0.21367026283397292
0.1990754013761468
0.18840168728510157
0.17446628022055705
0.1610689150581841
0.14857774095553714
0.13491631514491767
0.12786852051835854
0.11879432624113476
0.10833860812206417
0.09814097089929712
0.09137919748641748
0.08552994196414097
0.07999615557121804
0.0728685626930794
0.06632588665909378
0.0604856373990863
0.055190375790648644
0.050056639010501176
0.04485110529200414
0.03721859114015977
0.031303511881515304
0.0263645049564075
0.02228552776046767
0.017651888341543513
0.012744811458637826
0.008523468529846636
0.005329317036436309
0.8766864140986708
0.848320325755005
0.8528622321995022
0.8445256878968636
0.8852780914044475
0.8695969626168224
0.8681403171552139
0.8626598964944829
0.8715957085295403
0.8615823376112505
0.8633069027581846
0.8679863218224727
0.8501204819277108
0.8562722441616694
0.8733673770008838
0.8509486416621957
0.856272838002436
0.8499664783066756
0.8483798555533867
0.8335824854125476
0.8308390460558077
0.8561461311110035
0.8452830188679246
0.8012249976074266
0.7994318181818182
0.7647279373857618
0.7772089495638984
0.7575351950150011
0.7370380459457005
0.6274465386009423
0.6712808909002174
0.6469361147327249
0.5602477968763633
0.5099915682967959
0.47155026922767823
0.47454582567870995
0.44952327537857545
0.39541051235772956
0.38087780003642324
0.3789789131308702
0.36210083729022435
0.32934751570531123
0.32379662949371146
0.29465686103656197
0.28249227600411947
0.27145128014340314
0.26236464238433077
0.24892661008487268
0.23735959682466484
0.2253139781438591
0.2187388323966083
0.2031799271132325
0.19146552276074014
0.18281295125629754
0.17360425491257683
0.16485009319811708
0.15503096218527018
0.1461356417761724
0.13624154857830878
0.13075698187163157
0.1217057830955668
0.10900387230539378
0.10238045081103855
0.09335475999166741
0.08408337280909521
0.07840958924133899
0.07104651162790698
0.06477756063915392
0.05386057610363047
0.04732302867383512
0.04118006895784673
0.03526959574351379
0.030415772750726447
0.024908641444539983
0.021406646203122916
0.014669410585193393
0.8116523299382553
0.8690482683392419
0.8672605060385813
0.8847287899860918
0.8577242479238849
0.8310438074634938
0.852336141809826
0.8829579117992287
0.8779912369396697
0.8674853474741836
0.8548120383640172
0.8480053117910695
0.8426842076170471
0.8365458750963762
0.8279160778345472
0.776675985020307
0.7608967023821908
0.764696709808202
0.7186598512070449
0.7221182540083961
0.7070464307629372
0.720167981153334
0.6703837653204742
0.6274135058316181
0.6437906872732694
0.6703180212014134
0.7055421933370861
0.7354069466044583
0.7343320719506505
0.7820703581677118
0.739734454298457
0.722424908791044
0.7028562883206221
0.7033206314643441
0.6894760501473453
0.6740517284011671
0.6243932324803242
0.6135161245802089
0.5881008915371175
0.5809265275243647
0.5936000745260608
0.5896303185305742
0.5755828042456259
0.6428643367912177
0.6669312825601588
0.6445545462886504
0.6774451097804391
0.6630558722919042
0.6454088501929809
0.7130275229357799
0.694325139358494
0.5841009463722397
0.6367857955838835
0.6360649753604672
0.5229691876750701
0.6599806457288643
0.5826356233513017
0.5895625479662318
0.6062529020275499
0.5224451501154734
0.5362606936210997
0.5578675064672141
0.5812732615083251
0.5156624406395678
0.5785996850635634
0.32853508068732357
0.5561577022083728
0.5058274021352314
0.41577876212139353
0.3712309196180164
0.232667532558711
0.1952080112910814
0.16204872610420698
0.301921470342523
0.2126601644673934
0.3705867593820567
0.9310628665500565
0.9306177030293679
0.9349622894927162
0.9219751809720786
0.8976294195117009
0.9097594607017007
0.9085544234843135
0.9263472129291266
0.8894810240063752
0.8711005306749987
0.8917394559520838
0.883815144543363
0.8937981762305406
0.8851395524264521
0.8342455043002346
0.8426799007444169
0.8774443271502539
0.8985269209054048
0.8467880933525876
0.8585736986565223
0.8659583376949649
0.8657207485091507
0.8496624975183641
0.8392257939016681
0.8573212769146226
0.8162240851362883
0.8306248107398809
0.837512742099898
0.8385982994073692
0.8373881651232146
0.8236798163222709
0.8363521149073243
0.8141971126283422
0.7834676782045203
0.785239852398524
0.7748624629707999
0.785744322960471
0.7768818602715497
0.7689286268024187
0.7708442305680511
0.7777086250713138
0.7728286232823438
0.78
0.7891563186672799
0.8045360824742268
0.8115220125786163
0.825124766849826
0.829276842948718
0.8531596621552865
0.8846433770014556
0.8958020601480408
0.9365751633986928
0.9374486442070665
0.9322916666666666
0.9022548822226696
0.9008551307847082
0.9147378123719787
0.91316697098803
0.8881401617250674
0.8832084181267682
0.878490304022219
0.8751620301126732
0.8921076413294508
0.8646169104884701
0.8664351277598611
0.8658687373262772
0.8736482068306424
0.8601332537788385
0.8744824800565485
0.8667871304522411
0.8714090977937093
0.8742551257448743
0.8602486034925269
0.8732159125417552
0.8641107988759534
0.8571001047433787
