0.7296742001761081
0.7408501161890008
0.7261082325849165
0.7150956768249468
0.700258155362591
0.7159616576851543
0.6973488372093023
0.7138687505884568
0.7172498931674659
0.7211584036401555
0.7431538275778797
0.7299187831557203
0.7335541662778763
0.7480587121212121
0.7575600320800113
0.7686409182857412
0.7948332687088019
0.7941803040573254
0.8111249688201546
0.814965576159606
0.8209948681469438
0.8100866021395823
0.8231132075471698
0.8218260511129432
0.8179234068944131
0.8090565266278238
0.804838298955946
0.7764179104477612
0.7281501600543214
0.6765524093392946
0.6799942054179342
0.5538232776100572
0.46051764292305664
0.4098650182919137
0.38897879580065564
0.39858876895291695
0.40118758886008193
0.3861776918965588
0.3646462598824245
0.3760641781270465
0.35746370417903267
0.3510540052198354
0.33920038228735266
0.32524424834541443
0.31688321853475265
0.2975381188308945
0.2907964195547395
0.27384603733575674
0.2720297867539208
0.25735129068462403
0.2425440703647585
0.230484753997317
0.22386228301273955
0.214783170591614
0.203983101991551
0.19050314910480504
0.18551594223121468
0.17575882575366952
0.16457299332534656
0.14749071581888182
0.13972593515369852
0.13114645460569913
0.1160614982008505
0.10344052891713204
0.09080270731861598
0.08112929982159066
0.07133168927250308
0.06096253408081365
0.04943820224719101
0.04127098971993609
0.03494101836643273
0.02921028439251505
0.02366273266396571
0.018521769662921347
0.013154082401344382
0.010355370947271259
0.008800797806033408
0.0032355863544877837
0.002238236957965418
0.0
0.0
0.0
0.001645423512365235
0.0
0.0
0.0
0.00424946881639795
0.010060715540167594
0.0040076144674882274
0.0
0.0
0.0
0.0
0.0
0.0
0.0
0.0
0.0
0.0
0.0
0.0
0.0
0.0
0.0
0.0
0.0
0.0
0.0
0.0
0.0
0.0
0.0
0.0
0.0
0.0
0.0
0.0
0.0
0.0
0.0
0.0
0.0
0.0
0.0
0.0
0.0
0.0
0.0
0.0
0.0
0.0
0.0
0.0
0.0
0.0
0.049505259543652654
0.1542636957614341
0.797474202987833
0.6724384725492912
0.5866589892368339
0.4402601573791553
0.3368552351603199
0.3722953297209628
0.39700445901139525
0.39009152985616735
0.3443774037613352
0.35725737676957187
0.3587702818104184
0.30405494216614093
0.31346657929226734
0.3512480473294114
0.3777650391151875
0.8939848788080943
0.9056757638360335
0.9028641207815276
0.8968774308256473
0.8836855544086489
0.9079050498264472
0.8439075084437516
0.8463820319949147
0.8670741872742428
0.8294036061026352
0.8598448920381633
0.8596175478065242
0.8725588104749223
0.8836204539239814
0.8658114106311573
0.8145772594752186
0.8268478375806281
0.8014881881569362
0.8211763407636283
0.8295854026003013
0.8092433167195288
0.8091044201023835
0.834333390479456
0.8396441605839416
0.8692370224131925
0.8921164236333005
0.8986629942043954
0.9335615643495416
0.9346352204902358
0.95658743534608
0.8485449380995767
0.9184659090909091
0.8391361114133391
0.9145435850565521
0.9320213630558458
0.9420491423273064
0.9074116567232675
0.8758225071705753
0.8897221748764275
0.8922425952045134
0.9410355306217859
0.9332985325677164
0.903148569376272
0.8642786532534744
0.9446783625730995
0.8550936603476402
0.9334035580524345
0.9091013692325394
0.7983175380683634
0.8063657709366032
0.7417873542917697
0.7224110355857657
0.6704333300579739
0.7709947643979057
0.6926788336479967
0.764155898728858
0.621779748985562
0.6599301765255445
0.6257785627963187
0.6995151922430759
0.7444379391100703
0.7524622455679579
0.8242470453678994
0.8391871550426493
0.80355091383812
0.8089127967230914
0.7685288226129535
0.8434154453798981
0.7070766391207685
0.7915738590588124
0.614561536998288
0.8150943396226416
0.730025016592638
0.7018710446666055
0.7880177726816684
0.5936962484310353
0.8701054980726314
0.8672104569865234
0.8457350272232305
0.8674265762990347
0.8547500254556563
0.8215396968784503
0.7845670219558918
0.7947013246688328
0.7849747288875804
0.7690686274509804
0.7797899489595602
0.7448836421694325
0.7087560705871039
0.7166224366706876
0.7402805416686891
0.7356969402622633
0.7098644181478465
0.6518010291595198
0.6983421872137754
0.704058573623791
0.6458436029576518
0.6752167307176692
0.6791963422140157
0.6850268793513704
0.6394293691649944
0.6731607391910739
0.5929199705359851
0.5775474365014777
0.5796706803386802
0.572602621220641
0.5542230597909885
0.5336407913452006
0.5845642863386068
0.5833994534073879
0.6197737333989178
0.6533267085234202
0.7163127144579431
0.696806785002549
0.6851063829787234
0.7483365579727242
0.7363221527026391
0.7986009909647334
0.8338040731381002
0.8416463201953261
0.8862204317735771
0.9245087364546067
0.9292213288192975
0.9283008942661757
0.9012491646532669
0.9523758618846544
0.9379779547492221
0.9302533375381058
0.9247657018588515
0.9155479238214175
0.9338411770844204
0.9222848864283127
0.9299553688632187
0.9215716646014044
0.9192143114914677
0.920070041716022
0.9167781780751415
0.9077677419354838
0.9064381658175081
0.8980767252905482
0.8931959185766293
0.8908811475409836
0.9056751672240803
0.8934565924701751
0.898952331063384
0.8924037460978148
0.8849815325391458
0.889685488513266
0.880571249215317
0.8883625453971261
0.8906462763171678
0.8944978074754646
