0.9148226398309797
0.9088241806908769
0.923764311644792
0.902523313219967
0.9098171000440722
0.9098414795244386
0.9019755207214946
0.901769012880124
0.9238136700043535
0.9240211983560459
0.9236833461075221
0.911951362593995
0.9206026928830947
0.9049992047924509
0.9113378207824989
0.9042275574112735
0.9053764564501803
0.9011769585731322
0.9061217965794661
0.8944115782801606
0.8948985537956243
0.8911955711700202
0.874631734006734
0.8753624689312345
0.8583435834358344
0.8628553896502352
0.8285329878413394
0.8573404364306936
0.763619708803394
0.8524590163934426
0.4746215878218121
0.4879464095234032
0.4415827276977347
0.4262655286064396
0.41045307850287105
0.3856784436309793
0.37794304967744585
0.3636178530705327
0.35157598875727764
0.33595737913486007
0.32655654383735705
0.31053684169248263
0.304406544219787
0.2897196261682243
0.2830752924253322
0.26775586854460093
0.25398951009931925
0.24492721658579622
0.2385488521478886
0.22483233641471814
0.20820416696705357
0.19786306460834763
0.18167339137821192
0.17448108734590664
0.15978294680814295
0.14707098552722261
0.13708715361805107
0.12737437693654857
0.11414235395759952
0.10700556733828208
0.09833163984398047
0.09167367535744322
0.0848114234488058
0.07676959619952493
0.06641985379474791
0.05854129669439512
0.05384662614355007
0.04697413372376769
0.03921450151057402
0.0325554854791723
0.0264117119808784
0.02303873480186688
0.01962509900554431
0.01435434731661589
0.01004354136429608
0.008254170528266914
0.8422791477136701
0.022848184224729496
0.01568821947845154
0.0
0.0
0.0
0.0
0.0
0.0
0.0
0.0
0.0
0.0
0.0
0.0
0.0
0.0
0.0
0.0
0.0
0.0
0.0
0.0
0.0
0.0
0.0
0.0
0.0
0.0
0.0
0.0
0.0
0.0
0.0
0.0
0.0
0.0
0.0
0.0
0.0
0.0
0.0
0.0
0.0
0.0
0.0
0.0
0.0
0.0
0.0
0.0
0.0
0.0
0.0
0.0
0.0
0.0
0.0
0.0
0.09714385944397345
0.10604612259529216
0.09263045604053693
0.07909785843496528
0.08043875685557587
0.07027230155518298
0.1254410399257196
0.14239717162789228
0.11236572265625
0.06357383371226293
0.11589465243940048
0.20635763347380295
0.1912050849656246
0.0636018366305765
0.16618451669706308
0.14933176587056057
0.036066112084063046
0.9688215102974829
0.9729001947977541
0.9677698839022699
0.9753508873680548
0.9600046037866145
0.9534471925515509
0.8600504718016239
0.9543697721372945
0.966023928446974
0.9590216194285052
0.9593533487297922
0.9614380979994201
0.9483885766716367
0.9318052553748152
0.7908007906405257
0.8003489663194628
0.8055104499502383
0.8020947319055808
0.8384004237288135
0.7909498488165989
0.9364138795510227
0.9410237598058582
0.9213138934588982
0.9486768243785084
0.9358826912018401
0.9368559651934967
0.9369137497140243
0.9434707903780069
0.9417442458164372
0.9481405663596042
0.9149656090525848
0.9327030033370411
0.9261703674702164
0.9216891023850752
0.9481832723948812
0.9415495371957491
0.9113738738738739
0.9133547550594735
0.9188164320597529
0.9233582899925702
0.9437226948723845
0.9288853375948861
0.8854509159229685
0.9004334075202062
0.9217636238215682
0.8991174848317706
0.946058091286307
0.9253877645159431
0.8703458181416418
0.8356585365853658
0.8159933726426587
0.7543795453505924
0.7073054823519247
0.942452234781112
0.8002987807816491
0.8026533190786277
0.5954470447044704
0.5662421314595227
0.6213315641586014
0.573365460691937
0.6670902160101652
0.5588803088803089
0.5622489959839357
0.674843795865308
0.48479882270310043
0.7074534161490683
0.6206615420451899
0.826902966591447
0.6652551621775004
0.8654703328509407
0.6414217533283094
0.8202982259680557
0.31459972524041463
0.8296206056387052
0.6645444566410538
0.7005420827389444
0.9487576038766883
0.9495573399217624
0.9581749049429658
0.9597350714886459
0.9630518734996347
0.9496283204241825
0.9503251907615097
0.9467531798753798
0.946026371145657
0.9449938195302843
0.9404962045952417
0.9343215976940499
0.9336411746394107
0.9208352812840891
0.9613060532174281
0.9366659606015675
0.9100412942344885
0.8938080495356037
0.8886287973366626
0.8434516396845164
0.8617844249613202
0.8683827353094123
0.8164767210098636
0.7546636517806671
0.7428241089830594
0.7010544459089526
0.6928107863359662
0.7160028163347415
0.7119395465994962
0.7618484022024391
0.7057667103538663
0.787789189749974
0.8343109265507397
0.8202817484980319
0.8115926838216027
0.7513117564548808
0.8317849172159651
0.8116591928251121
0.8122519588887758
0.8714100233705531
0.8372912993881572
0.8327445860850867
0.8521829521829521
0.798727208444871
0.8557123586178271
0.9455032450808695
0.9291136643414034
0.9408667263440577
0.965928717224054
0.9626584267309103
0.9735068192506663
0.9759004515383808
0.9769929048414023
0.9716707914275183
0.9765457305900215
0.972528616024974
0.9565671330131551
0.9556955489001343
0.9668770538834698
0.9757175540765392
0.9715252472670484
0.9709201616713034
0.9498317369919751
0.9667296389588581
0.9767121837620408
0.9609280888283664
0.967762460233298
0.9719764793134502
0.9722059215790878
0.9675511508951407
0.9748303318548602
0.9788328599753496
0.9725271782787983
0.9756058331546215
0.9772423740584433
0.9760102356327967
