0.9343958695774174
0.9402098484427913
0.9452345100663655
0.9490297971142684
0.950806986513376
0.9474736257634647
0.9463684724785583
0.9501699375068523
0.9379891304347826
0.9380248117449482
0.9359079255986472
0.9432387312186978
0.9465813115283233
0.9541976447604059
0.9399978853880313
0.9386249004512875
0.9413042326640886
0.9355691917054592
0.9194863323919646
0.9275082985330335
0.9298633983046272
0.925828028913583
0.9093849416755038
0.9000208724692131
0.9137629276054097
0.9172272751735644
0.9081463231749772
0.8074966941308107
0.7928644240570846
0.5336589904628983
0.5365590894187081
0.5159838977030548
0.43183775404753705
0.4237431705560967
0.43774792643346555
0.3896082474226804
0.3765177170232097
0.3637282244048341
0.3454764292878636
0.33607012533714103
0.3231077418594603
0.30824790307548927
0.2964722105182518
0.2844126876110544
0.27011386268836196
0.25659365221278496
0.24461990451707674
0.23307856250459322
0.22474062827603658
0.21312069590431315
0.20044352242649688
0.18930687415233063
0.18020268843690618
0.16338116466982447
0.15330902586681344
0.14297449940099263
0.13771386231981678
0.1264518294729775
0.11569376729476874
0.10551645113766574
0.0985037811171335
0.09267220789146842
0.08460097176791896
0.07604634368426011
0.06717718839496949
0.06068650450672922
0.053499194014416496
0.04905501384374624
0.03916684174194904
0.033590504451038575
0.027277299488180824
0.023252382779072857
0.019231891671044183
0.013609002878827532
0.01011535563155759
0.007830333150336618
0.9351206705038877
0.9556051084532738
0.9541428354507263
0.9645633518425037
0.9381930286907663
0.9151497357604228
0.9437515405472023
0.9285714285714286
0.951878051210521
0.9291425144913052
0.930959013131715
0.938049187570566
0.9371374274854971
0.9361616769469936
0.9138748888230063
0.8994753101554455
0.9024198694350366
0.9306435643564357
0.9106910039113429
0.9066448639809722
0.9024341778440139
0.9144727129570395
0.922789910949704
0.8788324027818591
0.883998453956904
0.8125933532486931
0.8309793933780968
0.7941449198569347
0.846608630883106
0.7661514414727336
0.7365069994940124
0.796499009153534
0.031693537274355796
0.4847783675876775
0.40613752604659975
0.3929737642157415
0.38156233756590185
0.3735479407159244
0.3570408964385126
0.3374986762681351
0.32636639147246316
0.3130107710719781
0.30904712762297903
0.2888309224567228
0.27592225840018797
0.26508950555666466
0.25861148197596795
0.2415471648467307
0.22658100522405009
0.22067607270848805
0.2114152031790796
0.19416482919502764
0.18197952651094984
0.1688627674029134
0.16089581182947046
0.1488337422741249
0.1380109370655297
0.1300155615903335
0.11795460727129863
0.10872298389510866
0.10147137986721694
0.09031144956420858
0.08286108582670229
0.07542883769694499
0.0658464737480506
0.06127464989997142
0.054187052801267004
0.04941998602375961
0.041829445250586
0.03716197685261368
0.031238126255224447
0.026558178253981043
0.022895086321381142
0.017973341729638957
0.01648078982422232
0.011846995663844725
0.9821273642200243
0.9838268660189656
0.9730326630245263
0.9649204052098408
0.8876379690949228
0.8420132247663806
0.9101759497926706
0.9819074085023355
0.9870013714149425
0.9221197896046603
0.9868405382874836
0.9695222405271828
0.9846336398694749
0.8086340206185567
0.8105381767451844
0.8052782497875955
0.8013875019708835
0.9872953967972582
0.8159461152882206
0.9827709125475285
0.990386911870074
0.9779580320931053
0.9864532757897261
0.9894192474588361
0.989941926600012
0.9865486937287021
0.9885139135583185
0.9778430796356157
0.9729444834855938
0.7316425120772947
0.7897747405720071
0.8899426673096501
0.9733777038269551
0.9676029639841461
0.9743530095958127
0.9576429338913081
0.9154673283705542
0.9201497879839198
0.969167402177111
0.9869557553322756
0.9841922783099254
0.9785267099643087
0.8878636030310437
0.9484718826405868
0.5671687944515617
0.9373254189944135
0.9242997281645196
0.8764348413234301
0.8406590671511772
0.875308455456514
0.8007561436672967
0.8337302768681155
0.837000814995925
0.8215781922525107
0.8045782851817335
0.6206799887869929
0.7974894576836324
0.9447189978163429
0.22618278701760053
0.6050479518251431
0.5539979415835611
0.3829181063223616
0.1768101265822785
0.23027051196065282
0.12209222769567597
0.44181101692512686
0.6918727511565481
0.23489709443099274
0.1429889298892989
0.08903598732052956
0.12256228937627756
0.06472997904875075
0.06622960817197744
0.06033331397712096
0.048497516054767965
0.04284505151329422
0.9582092670950216
0.9614095716828988
0.978106821787414
0.9696678927448158
0.9599958055890526
0.9615525257274199
0.9419036475555782
0.9629340819297151
0.9310240812427731
0.9569040884546156
0.9730665839536807
0.9351613235748892
0.9480761274306992
0.9516551435156086
0.9497340702888727
0.9128466922793537
0.8908512892970681
0.8782524271844661
0.8457690704460191
0.8525165226232841
0.8171727227476356
0.7779450885910757
0.7879630549210448
0.8258475218511595
0.782635124867028
0.7142208545628815
0.7346804748673907
0.7399755750050886
0.6806037735849056
0.6820187674359625
0.7286580704347383
0.7157009442237242
0.6616107451100557
0.6594136275411175
0.6676851003157145
0.6732531353980036
0.6776064722943063
0.6974265265722552
0.715207232832182
0.736158018626548
0.7243146297719703
0.7479147358665431
0.8207946336429308
0.9053805237315876
0.960954332860371
0.968898646176363
0.9532330430192663
0.9482849326599326
0.9594481605351171
0.9754352237530706
0.9761904761904762
0.9822896229916751
0.9789792930349299
0.9645742041074917
0.9843575418994414
0.9794440921581061
0.9633046982712907
0.9567426027755958
0.9790287560239369
0.9749657425951301
0.9694874095972127
0.9880997051728759
0.9596481062002845
0.9900091314390074
0.9857234520372152
0.9729169985661941
0.9802759215348136
0.977236293683873
0.9860434923726062
0.9837692100296576
0.9846795149415332
0.9869068874100525
0.9860326086956521
0.9887073131006027
0.9851084493363548
0.979011219067046
