0.9494829632141041
0.9547749971944788
0.9440969507427678
0.9444015869517303
0.9426685006877579
0.9482971788243229
0.9340551716633114
0.9386291470491623
0.9318593295660285
0.931184668989547
0.9434741887499312
0.9381666576425362
0.938317455191345
0.9418806196511754
0.9331151348783192
0.931219745731156
0.9427856724679333
0.930797675647121
0.9179835651074589
0.9311229946524064
0.917679528687437
0.9124157333191782
0.9090092470277411
0.9047393614223345
0.9165774255729279
0.9136273298598055
0.9170003246401904
0.9105128750798042
0.8895279548163118
0.8536365908522869
0.5824049725077696
0.5748943120676403
0.7602196777369048
0.5226176697530864
0.3979363500745898
0.3944247971707926
0.3737077737077737
0.364797357183144
0.3488046693851443
0.33343902342356624
0.323238687827354
0.3076562865839382
0.2953897155192352
0.28001066707303135
0.2692205676177485
0.26159190454614106
0.2474087932647334
0.23932892881003637
0.2291819650462623
0.2152009637498631
0.20429683296868836
0.18671992011982028
0.17532467532467533
0.16145177096458072
0.1557867090576079
0.14275869198166843
0.1353038992771575
0.12314010637581634
0.11289470207425023
0.10446828112661227
0.09684648111461142
0.09263225187789675
0.0857016546671719
0.07011775021921583
0.0649171270718232
0.15001266693206905
0.7074231491548878
0.8993738328023728
0.866069465816663
0.8884689126266776
0.9189593135898145
0.9129957156981215
0.9377593360995851
0.9187442289935365
0.9184712692967409
0.9371151435889052
0.0
0.0
0.0
0.0
0.0
0.0
0.0
0.0
0.0
0.0
0.0
0.0
0.0
0.0
0.0
0.0
0.0
0.0
0.0
0.0
0.0
0.0
0.0
0.0
0.0
0.0
0.0
0.0
0.0
0.0
0.0
0.0
0.0
0.0
0.0
0.0
0.0
0.0
0.0
0.0
0.0
0.0
0.0
0.0
0.0
0.0
0.0
0.0
0.0
0.0
0.0
0.0
0.0
0.0
0.0
0.0
0.0
0.0
0.22160945413618457
0.4600945431180871
0.1437078827769942
0.09193178774441237
0.08725521857843281
0.07651753466154025
0.06596375043569187
0.061457520307576674
0.053584112282296786
0.052120592743995914
0.043333802618611854
0.04155887507302011
0.03592781222320638
0.033246610981788306
0.03006968357690952
0.023949208390259585
0.024612824435676518
0.016005291005291005
0.9847668693889372
0.9856106759501015
0.9726839474601883
0.9857117657435174
0.9648725541427161
0.8357733239695316
0.856541468481767
0.8891436881257341
0.9814529509362409
0.8707482993197279
0.9874626865671642
0.9709905660377358
0.9797799583705026
0.8119780862720068
0.8013262599469496
0.8042654028436019
0.7970325479337548
0.9900855709648864
0.9748051795863362
0.9831273764258555
0.9842052134671337
0.9829555438411527
0.9897457423842648
0.9908713692946058
0.9843824511206486
0.9888331541860743
0.9698443016727442
0.9802619984726546
0.9815807880624854
0.9803853093533554
0.9746864705542392
0.9656410256410256
0.9867522614531661
0.9697004608294931
0.9824448475627596
0.9821000292483182
0.9818149508352091
0.9830368712451407
0.9734016887816647
0.9903959462644355
0.9805516265912305
0.9738750958306304
0.47032285351755254
0.945846346033729
0.4450422115543784
0.9514636559390095
0.845213849287169
0.9247031566753547
0.9613033448673587
0.9524563318777293
0.8725385437337811
0.8546860689935891
0.9569234390631437
0.7261939218523878
0.6359963057030709
0.8872279495990836
0.8198703853720635
0.7953584321815369
0.80137065192352
0.9155957943925234
0.5748477850094478
0.20548390592825402
0.15902725596010656
0.1620409415011884
0.1290369561259785
0.5218691102879054
0.7037058283616338
0.1992001999500125
0.14417528159234685
0.2866000320701267
0.07849026225346008
0.06417747226995782
0.07681564245810056
0.1592254993032977
0.040648339424757665
0.053288779458318676
0.9827214957197626
0.9849034769344064
0.9810146609007488
0.977626251864479
0.9737753068289101
0.9787627449944529
0.9682171740586205
0.95392182241781
0.9732068822553898
0.9764626063357862
0.9524691358024692
0.9536868397772805
0.9394064516129033
0.9439486456865508
0.969732185304527
0.9489008356842498
0.914257332566529
0.9325113236034223
0.6288213078910754
0.8615544432902068
0.8388071937285444
0.9419698222405953
0.928407993084863
0.8904458598726115
0.7009647901332803
0.8243780587275693
0.823918912035858
0.7151168673479713
0.6836453053645807
0.6554388445611554
0.6990557416996649
0.7211449200618876
0.661919346605411
0.6793008840564984
0.6706413639131317
0.7112813656931304
0.6930486188971563
0.6964132139424293
0.7052338811630847
0.7455311280049312
0.7371590324240864
0.7628366894988927
0.8161544033943909
0.6309093609227266
0.8771902377972466
0.957791703350769
0.7542153390771182
0.8270818469065335
0.8819356473270838
0.9406390310117991
0.956268827256674
0.9565418638140301
0.9754275705749021
0.9347606032999292
0.9799905467149834
0.9822622243275961
0.9734579042361184
0.9665948841850938
0.9851757729775519
0.9813438735177865
0.979885665890324
0.9825705731394354
0.9679446556822983
0.9852477417285799
0.9841244472857067
0.9791356184798807
0.9835853829180345
0.9845280796616521
0.9793503979350398
0.9835774283868188
0.9870789857814781
0.9860196480621829
0.9809133552596108
0.9869175045950913
0.9870814942404995
0.9839618087217723
