0.682534989158289
0.6862725892551056
0.6991233717993165
0.7190233776503732
0.734922372611465
0.7172389802713313
0.7433417646183603
0.7485429638854296
0.7565073474095992
0.7752627324171383
0.7817710451403009
0.8090701798834558
0.8271309135399674
0.8198385704858114
0.8428506398260078
0.8414455395501642
0.8398309774133508
0.8346905130638956
0.834566649771921
0.8245394473368042
0.8262602111974497
0.8265476010292114
0.8215127061300186
0.8388891699124893
0.835012403179264
0.8377129076018691
0.829599761051374
0.8280765634994833
0.809939523995318
0.7737876294647178
0.5417893544733862
0.5890093245609883
0.5854631828978623
0.5784003401521236
0.5584005281275051
0.5328968751450991
0.5067032715625714
0.466416409706395
0.40016065615355345
0.37363044731856
0.31737180736985765
0.3016142081134183
0.2876430989236679
0.2728944602912476
0.26459752149157084
0.25058098786380906
0.23934090826056775
0.22494584837545126
0.21607806691449813
0.2034072759538598
0.19348840472932674
0.18376664110963964
0.16853893984678278
0.15526512830984956
0.1411038830393669
0.1302724150578507
0.12041435735022434
0.11011037238397799
0.09637466133402142
0.08922997715352189
0.08238591127671094
0.07649171444773487
0.06907132569353122
0.0625639118713396
0.05543775544697459
0.05017353711258601
0.044787342838236176
0.03952722920406942
0.031078501550942494
0.024792654028436018
0.020300530347672364
0.016292562855300945
0.011850607017645525
0.007575321159052941
0.004173455678472401
0.002143898464968699
0.8969510632846528
0.8860759493670886
0.8979148785782805
0.9054532577903682
0.9057517658930373
0.900658589311749
0.9061427505595623
0.8905340293113833
0.8844651070775014
0.8747245041073933
0.889237668161435
0.9068508122609171
0.8811743009520012
0.8803302622967326
0.8769799630240344
0.8544575189469485
0.8697992654827187
0.8697570649479425
0.8303229606361049
0.8299503612326141
0.8559760956175299
0.8875751503006012
0.8690776147423547
0.8289331632152321
0.8540721751133898
0.8313810414410867
0.8332503733200597
0.8233509493051477
0.8157190798112932
0.7964189708141322
0.7727251105931598
0.736308884635137
0.7317607570742622
0.6966384257993987
0.6704601240683715
0.6241977861050093
0.6564895193732797
0.6584035696579078
0.5351465317309719
0.4758026490633975
0.42763968979916483
0.3766069165308709
0.35408133411351667
0.3240076936527365
0.28346994535519127
0.2643226963554533
0.25281090289608177
0.2437474923097499
0.2309375414401273
0.21594695237473052
0.2074633205894847
0.18939073235859194
0.18851687071737083
0.17526604321186715
0.165926588505894
0.15518611526113354
0.14813636941864902
0.1385248735112033
0.12656415364502271
0.12143784385238302
0.11570093457943925
0.10271997022609558
0.09653503262767685
0.08751476243830057
0.07912021693281109
0.072630014858841
0.06607021984166692
0.060935037646646824
0.05186320141077159
0.04601951136266674
0.040049744212995675
0.03519518850587515
0.0304613185242206
0.02526075619295958
0.021847925523327774
0.015217102642411367
0.8482012442520963
0.878571820325783
0.9002170404585675
0.8934535738142952
0.8707081840727473
0.8909485637942551
0.8727453801040168
0.8908107499014029
0.9135681857364519
0.8833201491693977
0.8767631357122787
0.8581114878008115
0.8296231471859105
0.787767486426062
0.7168105637379381
0.7247356203249935
0.7721404182671788
0.7782162162162162
0.8012604345182155
0.7694133783498628
0.7935410703677701
0.7399054762149389
0.6631274612432082
0.6109741358472323
0.631672422298964
0.6749392220421394
0.7187209422460998
0.7699203712492749
0.776547506063482
0.8155869146889031
0.7883154309667278
0.8058461700226066
0.782724010608976
0.7844370007729966
0.7960996635828427
0.7914356618617667
0.7734494589601478
0.7824711279860782
0.7877199550730064
0.803103007037748
0.8340946166394779
0.8232038202734968
0.7993491190663226
0.8310535835405833
0.8460428460428461
0.8269031377899045
0.8462985504038951
0.8050682261208577
0.771499023939176
0.793749378912849
0.7555949585469881
0.7344983089064262
0.7058553808060892
0.7465763229469867
0.7659501876492665
0.7354826634223949
0.6898351885408577
0.6243457090687766
0.6645841142904744
0.6219296521910002
0.5832058287795993
0.5662257526862655
0.6501719824890556
0.5140546006066734
0.44743988221822345
0.48297450967865585
0.5242694226657163
0.5730601671965148
0.52870633011382
0.7127158555729984
0.5880947476828012
0.6498446124588338
0.439409265628161
0.6894222042956539
0.6751104565537556
0.6529445951181713
0.9319870842089077
0.9407102418939783
0.9564290542297094
0.9560618817091139
0.9567859554355166
0.9493907181747472
0.9461227828042734
0.9531298660853317
0.9454265159301131
0.954299272708516
0.9479097032961382
0.9497258715216716
0.9553631954946029
0.9481489217273249
0.9489031987854039
0.9426627281358793
0.9493097270523765
0.9491471722025664
0.9437655398613977
0.9253463990306096
0.9228010968150179
0.9209226565783943
0.8977065890061886
0.8820636249476769
0.8705838993313326
0.832219321148825
0.8293913591926837
0.8250157927984839
0.7990858092665697
0.8046406397979585
0.7793697762549966
0.7857292211186618
0.7991807528777352
0.7940034177411838
0.8115699890356602
0.8115366529076754
0.8244366602185392
0.8087150721927912
0.8031906654964118
0.8496728605077205
0.8316744427164334
0.8714516381061513
0.8680726359307133
0.8611672103982186
0.8942175066312997
0.889113635184897
0.9055888853804863
0.9122825403479354
0.9215440792905581
0.9478645223133454
0.9536231884057971
0.9665767623882807
0.9624530663329162
0.9762524571003559
0.9654647562063717
0.9684474909737847
0.9660147991543341
0.9713342416937428
0.9660619330622459
0.9607335267302114
0.9601246105919004
0.9539834089841915
0.9649196292999633
0.9446003533936181
0.9465129563275692
0.9549357339855337
0.9415286889513693
0.9477984802747996
0.9430459408432976
0.9420138162026377
0.9469310471782465
0.954437463703078
0.9419793423271501
0.953270533446232
0.9502925517895736
0.9522080109479446
