0.9524373730534867
0.9610157167626825
0.9569187675070028
0.9564423289794111
0.9480469395625586
0.9533774685816876
0.9512128346930954
0.9573261384285007
0.950563272448868
0.9551064991807755
0.9437359750424169
0.9499782750380187
0.9639703477597297
0.9661277062208824
0.9543617651813137
0.9385381161066927
0.948192705793096
0.9422920617718775
0.9556050069541029
0.9370535714285714
0.9320875365194863
0.9379677365707634
0.9280595369349504
0.843543001040127
0.795618814633604
0.677854210584711
0.883100037831703
0.651146052485882
0.7576543277983119
0.46824851969449927
0.459279095468843
0.43840013515225745
0.42071649113902637
0.41186078653097125
0.39505864736710755
0.3800420254624861
0.3664159581425768
0.3555070000809258
0.34577233821294295
0.33193775179714036
0.3187028126589211
0.3047534600408651
0.2957703349282297
0.2835397023741906
0.2702448918269231
0.25601848401281957
0.23550404709345107
0.22483196960841614
0.21649895026424382
0.20936139332365747
0.19380672717565403
0.18622720499538778
0.17635753721434064
0.1638681808681112
0.15774522554589637
0.1438283261802575
0.13011991376987336
0.10496278743784
0.10327191659563308
0.09383492125855351
0.09217498061514603
0.08809872145537816
0.08013286934514394
0.07147772772772773
0.06444499658363874
0.058903057305269624
0.051637776630946236
0.03512215746081599
0.032920695159784345
0.02643880072647155
0.023916913946587535
0.02065688907250568
0.013143643335967917
0.010886061172075648
0.007603017991874637
0.00602811186784524
0.8716807667856619
0.6987142022209234
0.08120212632372023
0.0
0.0
0.0
0.0
0.0
0.0
0.0
0.0
0.0
0.0
0.0
0.0
0.0
0.0
0.0
0.0
0.0
0.0
0.0
0.0
0.0
0.0
0.0
0.0
0.0
0.0
0.0
0.0
0.0
0.0
0.0
0.0
0.0
0.0
0.0
0.0
0.0
0.0
0.0
0.0
0.0
0.0
0.0
0.0
0.0
0.0
0.0
0.0
0.0
0.0
0.0
0.0
0.0
0.0
0.0
0.1190120691800423
0.016070908968820647
0.0509333947914266
0.0
0.10056720803068636
0.1536502546689304
0.0008054000153409526
0.31469284515789736
0.3954152629266149
0.5138165909846052
0.3962995432104462
0.43429992859939653
0.03146426732431773
0.02346033120467583
0.019288711933713548
0.016892790635807394
0.015013601171793262
0.010300429184549357
0.9633838383838383
0.9664791642750545
0.9487120647122942
0.9449882649264412
0.9350834234952451
0.9707181036486172
0.8515552142191014
0.9659740866114159
0.9720798727690405
0.9815371910576299
0.9771468959830368
0.9685766018340051
0.9661195163268883
0.8318001197539601
0.8870122630992197
0.8054126473740622
0.831382609160387
0.9793489674483724
0.8829611703882961
0.9750176346108629
0.9711617526136497
0.9845812405092863
0.9735960011761247
0.9865024165979017
0.976762017104099
0.9804002597555936
0.9531062124248497
0.9704410834435563
0.9729341455005172
0.8935444320059704
0.9088487879117295
0.8332904023491835
0.7926339852679706
0.9764604810996563
0.9747329734696222
0.9590816094566947
0.9093917167594993
0.918506981142571
0.7996464646464646
0.980636883238073
0.965220405569357
0.7633487145682267
0.5284907479682263
0.5203255552188406
0.4951923076923077
0.5054807264490555
0.4991462026345747
0.44032855532291837
0.4143505058727759
0.4587180567794337
0.4622316954603246
0.3998718480268365
0.9317566447477482
0.3240465859785339
0.3425338217692503
0.6163687822277362
0.2563672683170436
0.2619132290184922
0.24619554568610802
0.7571237756010686
0.5649146201429789
0.19235603106570848
0.16008227765443386
0.14113965744400528
0.8244296686919638
0.864694471387003
0.8531288480913467
0.8649776964428686
0.8677031721624239
0.5087473549310046
0.3725252418738302
0.048906011057522646
0.23127664134498607
0.052657608412723204
0.031939537846759715
0.017882937539723812
0.9725467595745796
0.9661929146201275
0.9770782718918348
0.9791388785146454
0.9635348740153372
0.9788866546724521
0.96948732510713
0.9393487319306548
0.9731347946061332
0.9695035831982005
0.9409039431689489
0.95247555811157
0.9633472010111117
0.9606148953087729
0.9578014558497732
0.9479652395082662
0.9511558732975004
0.9698481792122305
0.9693646190350645
0.9564533878321019
0.9399500883851513
0.9615565176568776
0.9356758143113619
0.9608794384805945
0.9451770324992212
0.9389830508474576
0.9231638418079096
0.9373446561723281
0.8997287198648718
0.9184611412341854
0.8749424817219694
0.8875428104074017
0.880578950022694
0.8648282097649186
0.8741985522233713
0.8682538862779527
0.8157635952404366
0.8417066772261546
0.8290610668597634
0.8651553144670181
0.9072671229298365
0.9166927654243658
0.9062123828963207
0.9498883522874799
0.964440452287858
0.9679920891016967
0.9556161796338073
0.9596384275804078
0.9578540054381929
0.9649780782842956
0.9710213278834565
0.986644847972973
0.9760416666666667
0.9670907370413205
0.9853764122056805
0.9859436693866807
0.966017885323514
0.9659345818769889
0.9838455890066086
0.9856829344759118
0.9830250956148163
0.9831972861231846
0.9719552544509217
0.9777132294692369
0.9749368155012637
0.9776076049643517
0.982621250200524
0.9789199808846174
0.9742727515345609
0.9801058880154019
0.9843707895445971
0.9818377795742388
0.9807400995455529
0.9818230852211435
0.9810235458552844
0.9814884369802007
