0.938592482577402
0.9318990343892936
0.934712199556793
0.9224161972223771
0.9191102687033114
0.9284373400079641
0.9120618272150152
0.916601714731099
0.9228268788880793
0.9244026635330983
0.9359263859094501
0.9121248896734334
0.9151374882900755
0.9141324781599027
0.9063822859003582
0.901628664495114
0.8967217556217827
0.8942724122996968
0.8245267928552386
0.7207221268404349
0.9117794486215539
0.8981163434903047
0.8969640200562015
0.7956323166570424
0.8939724830749072
0.8590360158170354
0.9119577308120134
0.8706172046464322
0.8639557164147328
0.493083255537639
0.5337965038099507
0.4428647829574828
0.44684469366181
0.41251091793869316
0.39751165113182424
0.3806573386401871
0.3664150024354603
0.3570796460176991
0.34365793454892907
0.32850718005365315
0.3211242279727934
0.2827352638989307
0.2890517636280348
0.2850709555345317
0.27315825118519077
0.26208442286141204
0.23442695632897362
0.23351951201587418
0.22141560798548093
0.21266475436621765
0.19790736706781417
0.18815864426089432
0.17713138711835757
0.16213207153294829
0.15494791666666666
0.14200252965507812
0.13448555225492845
0.12238946062820556
0.11408270008881871
0.10390205578106586
0.09682637248875804
0.0904538640640449
0.08343908629441624
0.07412056359243104
0.06524787336802418
0.058360352014821676
0.051390623572059584
0.04541606192549589
0.037125207171915024
0.02707134551742643
0.02399833674893819
0.021736558821789792
0.015122651739398025
0.011411182959300114
0.00903150863946566
0.006295146645005947
0.9636219221604448
0.9555728356661483
0.9501223512261154
0.9485324514262091
0.9428527179804863
0.9598151705518925
0.9274703960800327
0.937347013176397
0.9369132363561333
0.9521842732327244
0.9372538860103627
0.8836077092953222
0.9165802033616933
0.8964804382655435
0.9347345132743363
0.9436410826844642
0.9284701433748227
0.875492872308159
0.9247741122084472
0.923581809657759
0.9182749215171633
0.9093802091225943
0.8738734177215189
0.7292502004811547
0.9252658071806461
0.8913749548899315
0.8723458166523084
0.852138716769938
0.8096557759626605
0.7568944986901643
0.7701061489911064
0.6115951742627346
0.45347061817327644
0.4247175728265387
0.4059897681018709
0.3787955101453446
0.37534591194968553
0.3711148467398691
0.3453342618384401
0.33355062270559577
0.3250042786239945
0.314479484571041
0.309615516885618
0.28796411830168955
0.2724986587982833
0.26224556795797765
0.2535601265822785
0.23916307611959786
0.23619909502262443
0.22021973785659213
0.20820391302955585
0.19133124960132677
0.18610826721269516
0.17139232477006025
0.16391996218685995
0.15352436070833203
0.14150327812820432
0.13473828599931414
0.11997705521842829
0.11408670589648133
0.10568351779838468
0.09389183897475452
0.0871443686809311
0.07852072561563404
0.07015416594491598
0.06760174752816739
0.05919895614682022
0.05319268320053866
0.04574944071588367
0.038260058692849895
0.03248178148619728
0.0268735503479165
0.02303394476069998
0.01897350476289626
0.015769031589849818
0.010734695978993977
0.962465564738292
0.9690905945447206
0.9423538831064852
0.9508422928764445
0.9736596736596737
0.9363812564131798
0.969626031485925
0.970114131074244
0.9715093006828349
0.9707674282366725
0.9779837091252509
0.9702471594236851
0.9734835151941804
0.8029326458266194
0.8002799310938846
0.7891614558281225
0.7827410634612356
0.9713722763096894
0.9250898472596586
0.9772821148285832
0.9733773118152904
0.9811507936507936
0.9762495568947182
0.9834944588540439
0.9786944428004971
0.980835206435585
0.9602821298491068
0.979529946929492
0.9739160476766281
0.9210009813542689
0.7130947737909517
0.9519553072625698
0.9420784599026246
0.971485373473445
0.9624213569120897
0.9714466275996783
0.9165973954003879
0.9194467496542186
0.8734439834024896
0.967678633267921
0.973062217587765
0.7471965273112501
0.557243203794928
0.49193024966466187
0.49513311148086525
0.42881482712765956
0.48800756983584975
0.44605481399573493
0.4710979274813629
0.5859706754266485
0.4928595909973723
0.6866531165311653
0.9524133242692047
0.8076320660686317
0.3604524690015227
0.7439731056752333
0.261783527145118
0.7222632975253338
0.22680708817080622
0.8479945692142332
0.7306273062730627
0.1796151104775481
0.17951653087334185
0.13169884296437118
0.6746930035397457
0.8657155684142266
0.5396477898329094
0.9234972677595629
0.9366678047115057
0.60925
0.3976742187723771
0.4191916304596387
0.9024350205198358
0.35989730692654304
0.030073421439060204
0.8352702898201283
0.9442174732872407
0.9296010027156884
0.9449749406489053
0.947719747944035
0.9368111682586333
0.9434658791266745
0.9356589147286821
0.9456813516500868
0.9375618908636055
0.9411365298234619
0.9380954860207216
0.9390096300584119
0.9603292618162507
0.9633681952266023
0.9382527744175038
0.940479353775841
0.9505289195305511
0.9541356950814487
0.9559441293845831
0.96050753370341
0.9398684622611964
0.9558495460440986
0.9492579937783671
0.9669024629524449
0.9412927756653993
0.9323641928079571
0.9134273825230894
0.9229825726989319
0.9190798513919284
0.9252572016460905
0.9433118369045143
0.931422351233672
0.9617101738536687
0.9575735216612207
0.9624183006535948
0.9584849923511104
0.9517920771326766
0.950936524453694
0.9418701298701299
0.945250521920668
0.9431586646465702
0.9420796991695827
0.9515365186276573
0.9286048324240063
0.9634744587821265
0.9594424648920562
0.9533428768357988
0.9606943125461644
0.9545478374836173
0.9675178972112405
0.9717472510127848
0.9816966417316568
0.9776396217543493
0.9724630021141649
0.9822457067371202
0.9869198312236287
0.9695353748680042
0.9688809723386421
0.9786631716906946
0.9850377992440151
0.9820912767186597
0.9812757854649318
0.9694435678973388
0.9769543844812094
0.9808008485812781
0.9779380568519305
0.9800737218868529
0.9847531719799553
0.9768637532133676
0.9811209439528024
0.9848558340070062
0.9799892415277031
0.9807983556901774
0.987687801703097
0.9855400884860257
0.9792629203825078
