0.9077560033121722
0.9018367795864496
0.9145483745915711
0.9058482411510477
0.9070735850090406
0.8972561803857647
0.896165537837982
0.8888595564941922
0.9147834528881937
0.914745308310992
0.9086535862926328
0.8932914046121593
0.9027046937486845
0.8891035346943038
0.8901859504132231
0.886890652375554
0.8915296179821622
0.8848858540562576
0.8949557708508846
0.8876798325922051
0.8870621498507776
0.8865311710193766
0.8746688827715161
0.8628706879160782
0.8496940272088201
0.8556623232882226
0.707801743919229
0.8641412848733043
0.7693859901989046
0.8397351662791873
0.5639403524627203
0.45105218855218854
0.43875353629185493
0.4243378247911682
0.4068086170257094
0.3846596041717993
0.3778041591616178
0.3626943005181347
0.3542763025750211
0.33666202506465087
0.3272748824528824
0.31003395386957033
0.30553312569692775
0.29041688814640443
0.2827471823287723
0.2674661884480311
0.25362855450236965
0.2445906432748538
0.23489689224513505
0.22689227216970922
0.2077146026407128
0.19726611042073494
0.1813984633819694
0.17351614144311148
0.15902351561961245
0.14654906133095377
0.13605211372735293
0.12621521957760642
0.11290963257199603
0.10435900817726193
0.09691629955947137
0.08951134605466736
0.0829451923690423
0.07478315723072071
0.06482668083643298
0.056976166832174775
0.05183532504049635
0.04543936864471088
0.03733878483600397
0.030993155802624107
0.025224315170241846
0.02217301446708001
0.018737615106655788
0.013415592352239327
0.009845531976324528
0.007753278570399193
0.8261340618964624
0.6815441836603822
0.5709420662891538
7.350959300188675e-05
0.0
0.0
0.0
0.0
0.0
0.0
0.0
0.0
0.0
0.0
0.0
0.0
0.0
0.0
0.0
0.0
0.0
0.0
0.0
0.0
0.0
0.0
0.0
0.0
0.0
0.0
0.0
0.0
0.0
0.0
0.0
0.0
0.0
0.0
0.0
0.0
0.0
0.0
0.0
0.0
0.0
0.0
0.0
0.0
0.0
0.0
0.0
0.0
0.0
0.0
0.0
0.0
0.0
0.0
0.0
0.062059748865439766
0.11604106115886463
0.09901319772369536
0.09380010689470872
0.08725782194568134
0.07234645948421022
0.06735691355525349
0.06385017421602787
0.05590578256633618
0.0490014529500584
0.0434367809641394
0.03713911857234333
0.032392208360691614
0.02774240741242448
0.023521487269298126
0.020561550437536907
0.014323227500596801
0.9751933543397308
0.966626801070676
0.9656935984369612
0.9715667088753309
0.9603544507739226
0.9526336814472408
0.8917094398571748
0.9503234750462107
0.9643977233128121
0.9648428405122235
0.9522765306711293
0.9661115639920811
0.9613534967263456
0.9427522514770837
0.790167801426044
0.782967032967033
0.7888796852350383
0.774834096404136
0.8365389710167965
0.7963902694219199
0.9502567949679728
0.9537449971412235
0.9424017492375856
0.9603414237603066
0.9478508034108707
0.9469995366079703
0.9498904393956867
0.9471565752400667
0.9506123383312349
0.9465709728867624
0.9264366522204086
0.9490748599558648
0.9131637168141593
0.8569136990696182
0.9572462935294793
0.9423802446553103
0.9151018099547511
0.9102276550409331
0.9101897876186172
0.9214119780157516
0.9535391869357713
0.9420646268229911
0.8911024917724495
0.9043519006618638
0.9228564878496103
0.8949566160520608
0.9562225306500116
0.9237312163311596
0.8526590642651604
0.7936468850036936
0.777504105090312
0.7489317680924752
0.7056124399881039
0.9472477064220184
0.7465704929639791
0.7772888972102603
0.6416469661150512
0.5988485851896448
0.6315706949943162
0.5318809776833157
0.6092100473243538
0.5285639584286554
0.5550707672661488
0.640359720933984
0.4633442248516956
0.6451229183187946
0.5409617690155855
0.7815390769538477
0.7576849183477425
0.8355696934644303
0.7509400459578024
0.842999586996283
0.04455864381286623
0.8279967159277504
0.6590245935806586
0.661990355107409
0.9428262659530671
0.9466144491394414
0.9566009262632045
0.9595156620163201
0.9512804497189257
0.9483834078386527
0.9504280514687036
0.9634922290601857
0.944515534626606
0.9381159050293592
0.9517837948507959
0.9318496487359622
0.9456243803162344
0.9405329005915302
0.9554465886322894
0.9322069582609611
0.9440700451048023
0.9210941609679116
0.9191324636758935
0.8669342228708433
0.8824359644537376
0.8725745879407469
0.8112458086149085
0.8272938743861463
0.7870030501990384
0.677539371082004
0.7028316405047706
0.7135821274435136
0.7295357361026268
0.7337238233464649
0.6960197978964735
0.809895696839457
0.8254184813979115
0.8530520364359753
0.8675375091805687
0.8214678035256578
0.8594640219455582
0.8752143859466763
0.8931219110378913
0.813893074245337
0.810102367904043
0.808480131093814
0.8369326594169603
0.8593437066707749
0.8671622168284789
0.9223913270092776
0.9548542167415613
0.9347369526409745
0.959184740005226
0.9663086965676985
0.9635093572433926
0.9614382490880667
0.9715546327536985
0.9608458961474037
0.9720027212308336
0.9673494852864719
0.9593308938839519
0.9583634673003409
0.9670826833073323
0.9707121677157572
0.9656911160783906
0.9573558544468773
0.9583832491275587
0.949159598272363
0.9606838500548962
0.9553682896379525
0.9591384225530567
0.9577590741714886
0.962919614832154
0.9633660737987789
0.9615771368086795
0.9688328209477367
0.9621328801317117
0.9747302062186131
0.9744780821186395
0.9667796969375861
