0.8893843343719781
0.8837667874653592
0.8962532924797075
0.8889593238246171
0.8916083916083916
0.8843548301061503
0.8825328201613328
0.8806705081194343
0.9159375167749209
0.9046684350132626
0.8988446999946761
0.883270911360799
0.8921824444212504
0.8830226121468484
0.8808356977044106
0.8852307217449458
0.8856245090337784
0.8768190731757664
0.8831517448286752
0.8769543464665416
0.8750846839335036
0.8775232003355529
0.8737063304439191
0.8782891232555662
0.8433225435940274
0.8658924594336621
0.8820090353441403
0.8928248977640874
0.8850556438791732
0.8788459491110401
0.6744319815933276
0.6451775950006893
0.43964553041383464
0.433158753327037
0.41393043257213064
0.3916069344890815
0.3845643428855804
0.36227263437563867
0.3520622124506331
0.3331866725330987
0.3272683744314101
0.3126502936886506
0.2990943571483861
0.2818516529876505
0.27321380786727323
0.25781603987313095
0.24996274217585693
0.23704467607086296
0.2260933480338111
0.20322721325774096
0.20188133140376266
0.19139593002499108
0.17545790146244497
0.16801042143435552
0.1517212803425296
0.14661459233401306
0.13573189100369712
0.11419449067626779
0.1031166219839142
0.10535205670000662
0.09564533569251941
0.07157566095389929
0.07471710313611381
0.046340023612750886
0.04450014530659692
0.09773313972249113
0.09442439136779049
0.517869151695648
0.7667281483758582
0.8210806023029229
0.8443009158769654
0.8265209624881791
0.8369065049152897
0.8807743304163352
0.8400288421920066
0.8296182423776582
0.0
0.0
0.0
0.0
0.0
0.0
0.0
0.0
0.0
0.0
0.0
0.0
0.0
0.0
0.0
0.0
0.0
0.0
0.0
0.0
0.0
0.0
0.0
0.0
0.0
0.0
0.0
0.0
0.0
0.0
0.0
0.0
0.0
0.0
0.0
0.0
0.0
0.0
0.0
0.0
0.0
0.0
0.0
0.0
0.0
0.0
0.0
0.0
0.0
0.0
0.0
0.0
0.0
0.0
0.0
0.0
0.0
0.0
0.0
0.4031983115512623
0.08135573134239919
0.106285510307285
0.10334619180048443
0.07441485996894588
0.0821472143147621
0.0791830367460134
0.05575411007862759
0.06676309594713406
0.055847402871028455
0.047917951017205626
0.0464313550829529
0.04366932161494095
0.03457411223206401
0.028935674989420228
0.026909378709932725
0.02099276653737289
0.9700091575091575
0.9663255388485507
0.9631331112897669
0.9684355775311907
0.9594804299097649
0.949851665905979
0.9040225035161744
0.9232522363398097
0.9601090044645446
0.9618347338935574
0.9553147096325489
0.9502660189683091
0.931374786081004
0.936453511629236
0.8263411465381909
0.7901762161021421
0.799621828877567
0.7954724099984279
0.863145970439098
0.8114504617968094
0.9550405561993047
0.9628604382929642
0.9501362555806807
0.9649868919312554
0.9541993606509735
0.9559686320069707
0.9543164842800069
0.9456894580379602
0.9577594123048668
0.9506186919085362
0.9059791310108761
0.9354442396828057
0.9111580585978762
0.9162207357859532
0.9364599954410759
0.9369829963235294
0.911170092613508
0.9108631958530539
0.9234897005366107
0.9197481396680023
0.9419848206071757
0.9262910529030779
0.8833184656556646
0.9200620414007039
0.7261006643396014
0.5352076214145179
0.9363049783934174
0.7581400796439447
0.6752678999840059
0.3743607898670443
0.4899545266639107
0.7864132215927712
0.7603134570347685
0.9548480463096961
0.7806549001393405
0.857865976416451
0.7474334435357578
0.6358966126183978
0.7524510999463441
0.5375909861401934
0.6591281931099133
0.6299112326304356
0.5660619300911854
0.41172648205538337
0.21019709080077445
0.7042352306447262
0.5265513603376067
0.9238497545381893
0.61163891062181
0.651184090017009
0.4591943652133419
0.7196995368801536
0.541773318316781
0.8727954532138045
0.15087674497786857
0.4404593805892874
0.9514992542303142
0.9525622556081498
0.9669274908711528
0.9618772941793393
0.9498393615918748
0.9510878031050418
0.956984842277755
0.9574413072706588
0.9544707935530233
0.9484663207110928
0.9514438392765389
0.950717308287749
0.9522166457549143
0.9489077924805713
0.9608944467994913
0.9486444904238952
0.9307368421052632
0.9242882469496297
0.8647431533748756
0.9088058531486805
0.8812015201207767
0.8795067405162504
0.8413226577934907
0.754836040136547
0.7823671621830153
0.6734967741935484
0.7203883495145631
0.7193081793380347
0.7759557240955212
0.757396449704142
0.7502442536123823
0.766042780748663
0.794916142557652
0.7990473199329984
0.7792079721804122
0.7555255784995331
0.8144988222978278
0.7636706794531728
0.8170682324357157
0.7599571625274109
0.8043411171690156
0.8733029329464194
0.8122254947553351
0.7100571144772784
0.691681180206946
0.9237310240492462
0.739749897498975
0.9432751540041068
0.9392972889551932
0.9459501077918078
0.9552569251364432
0.9582108032812258
0.9768345771144279
0.9634786222660917
0.9711893494201467
0.9758451585976627
0.9582335173419435
0.9590248427997113
0.971314035818409
0.9745490358697906
0.9722063186384219
0.9670663385517566
0.9608976361553682
0.960121098235724
0.9731052631578947
0.9657806613645877
0.9671810590846633
0.9736188210415014
0.9689889549702634
0.96870200709633
0.970202368938227
0.9771236602143657
0.9626227767454207
0.9748464619492657
0.969751645085969
0.971535897571557
