0.5190692792162351
0.7977808316791367
0.8500993412109171
0.8272913466461853
0.5060672453020982
0.43096498854026716
0.5190075212557227
0.5220432731413698
0.5156205333442234
0.4908205169498349
0.5442427320045703
0.5533294294796721
0.5171892862975666
0.5174184085075174
0.510290216255326
0.539245919164508
0.5345003885639494
0.5369446035512642
0.5552212611257364
0.5386720855969809
0.5486379687237263
0.5328922731244539
0.5562179863968427
0.5576357200733507
0.5845076436928858
0.59428231595939
0.6167319456057739
0.629621390754994
0.6388950867954839
0.6781907625034163
0.6790457108242859
0.7388041752850065
0.7568079800498753
0.7693461307738453
0.8036618826509075
0.8292098092643052
0.8335930543187889
0.8412646851821775
0.7806328197704477
0.7989224250666945
0.8150369497697333
0.7734452899501443
0.5496960206337509
0.3897089310888133
0.38428565483374255
0.34737999267130815
0.3254569242358165
0.338529886914378
0.3629678592084607
0.363837607551583
0.2808274900244063
0.2397219537580849
0.2401938851603281
0.21854838709677418
0.21609843629838502
0.22496637273950082
0.2157985331537195
0.20292477565641273
0.17450748196791904
0.152719006819374
0.1433532769410632
0.13610810078569494
0.10671678378820068
0.08804830516596913
0.06957006566720357
0.07670084764595701
0.05403694885627317
0.08308814123065114
0.07515259409969481
0.08125080097398436
0.09746163120336276
0.10309311846123854
0.13813248836518466
0.0971576549873639
0.18976349462188744
0.24558120191307964
0.08615790833165915
0.03969733523412655
0.035411997363216874
0.027976544134742064
0.020382920607106964
0.010972478016134471
0.0002037282265457879
0.0
0.0
0.0
0.0
0.0
0.0
0.0
0.0
0.0
0.0
0.0
0.0
0.0
0.0
0.0
0.0
0.0
0.0
0.0
0.0
0.0
0.0
0.0
0.0
0.0
0.0
0.0
0.0
0.0
0.0
0.0
0.0
0.0
0.0
0.0
0.0
0.0
0.0
0.0
0.0
0.0
0.0
0.0
0.0
0.0
0.0
0.0
0.0
0.0
0.0
0.0
0.0
0.0
0.0
0.0
0.0
0.004042037186742118
0.008256688963210702
0.02681058495821727
0.019053078069471513
0.019540039316927594
0.05125266088095628
0.06827114255328987
0.11483355905624064
0.13154232317709627
0.15262633866776756
0.33884223691263177
0.3451914552889702
0.16211121583411875
0.8202725724020443
0.8991955617198336
0.9185862691960253
0.9061727006970992
0.8793880389429763
0.8885116330847156
0.9228534718730798
0.9032821032483251
0.916576443102171
0.908281843432912
0.884078290617464
0.8834694452266967
0.8667113569074354
0.8461283185840708
0.8551802165831582
0.8027843446283163
0.8391315859147471
0.8315392895586652
0.8456489635180222
0.8184578679102049
0.8128824300699301
0.810571736785329
0.7649739932436056
0.7307352099484885
0.7500395673964653
0.7622784539824898
0.7441272516591172
0.7523679225426226
0.7511914113642315
0.7401173964988832
0.7202313914200881
0.7672409306198927
0.7436680996529756
0.7635382842777836
0.8133881824981302
0.7729630599947603
0.7296699907474041
0.7504656456953642
0.751713751557956
0.7551052140561832
0.7595813372214122
0.7579391979976013
0.7616429317644471
0.7493556701030928
0.8077173559101269
0.7842054607162757
0.8301094285398475
0.9068871771635705
0.7919491302748437
0.8510660980810234
0.8484011473494104
0.8481226864093072
0.642071690388918
0.7969639468690702
0.7657369696344796
0.9300142247510669
0.8553243835909504
0.8570745443919027
0.7586626139817629
0.8831272225465739
0.8094157685762904
0.9151495623221094
0.8940841743611767
0.8050502888936444
0.775180949223714
0.7208969935929029
0.7091408870667164
0.8405898876404494
0.8493526442835199
0.7816862646985239
0.6187595231693107
0.6684054321431784
0.5519483334055741
0.7533812541378985
0.7326446685596788
0.707796282886797
0.9180065113949412
0.9151326679038972
0.926757565005829
0.9104780250418208
0.9133410497710232
0.9233821733821734
0.9226199466344459
0.9212946496621106
0.914738002204188
0.9187509474003335
0.9245073269327944
0.91071158785315
0.9237142568455088
0.8989853325296363
0.9204493468205154
0.894014583755317
0.8992942589719205
0.8849797023004059
0.9063679713888337
0.9184288512732934
0.8551027516544758
0.8141702612920819
0.8248286742592319
0.8688191241382731
0.8373367885976278
0.792862760519072
0.7493197278911564
0.7555804114185674
0.7008790686623901
0.6665265124970802
0.645482177397071
0.662673244068593
0.6553379953379953
0.6154091053804521
0.6123781455452278
0.6160347190497945
0.6334550834527718
0.6312823355506282
0.6164685362831046
0.6264655051613808
0.6484253269748336
0.6601399924328415
0.6475606881923167
0.6756769573670982
0.7075858034321373
0.7709190672153635
0.7827077349707834
0.8186954547747566
0.87368313388565
0.9154959110924722
0.9471377270806929
0.9314610847209898
0.9094713206776893
0.8701711861839115
0.854915828269748
0.8477541137520384
0.8681990401616569
0.8608357822383822
0.8456488474258355
0.8403967981142267
0.8320524744236135
0.8265787920519378
0.845696447153263
0.8127258521339975
0.8071532846715328
0.7988234159513936
0.8067009048667155
0.796372430471584
0.8147490880410135
0.8171974208790668
0.818839144215531
0.8275998810349955
0.8199860724233984
0.8491546807973758
0.8499596936719065
0.8508445606273879
