0.6070559610705596
0.6044197409117397
0.6467046750285063
0.6679180424261613
0.6650542495479205
0.6888121546961326
0.6841726294946222
0.6878459253926112
0.6899333093006489
0.6904110817232259
0.6958649485924662
0.6785354530723077
0.6739158744628206
0.6848177606852548
0.6677506311240426
0.6804970332788718
0.6824939841870058
0.6835775862068966
0.7028937486193948
0.7059838895281934
0.7132075471698113
0.7095680114244912
0.7328550803104132
0.7356963183169449
0.7513857712217692
0.7603471606551258
0.7764835059913114
0.7901336573511543
0.8175992112398324
0.8214460424615987
0.821644378405151
0.8091282251759186
0.8319389249111064
0.8360541668896858
0.8038272508627
0.6981222227531176
0.6237036366106607
0.5174982369534555
0.47441979740992435
0.4578068017979815
0.4069906928645295
0.37641108638478654
0.3718052738336714
0.33825970125661897
0.3233813370799672
0.31556544829740707
0.3019269462931435
0.27228934087781004
0.2653130671506352
0.25750460232182437
0.23950957740180367
0.2213464696223317
0.21415101182273155
0.1969348107641387
0.1832720067930937
0.17407654728851088
0.16980934056323246
0.1595561641911584
0.1575354516344699
0.15112663755458516
0.14961069795049056
0.13917063409922031
0.12126358695652174
0.10144398340248963
0.07825330885904744
0.06644644898996316
0.05678213819267367
0.05059817464232856
0.040954481406604175
0.03370070133891975
0.02866799444746213
0.02378595638741414
0.018519614224010415
0.013257743526146396
0.008576028098931656
0.0057466234940637675
0.03411149381298635
0.01618334422274715
0.011881395409698778
0.007251780800781752
0.00365895584696233
0.0
0.0
0.0
0.0
0.0
0.0
0.0
0.0
0.0
0.0
0.0
0.0
0.0
0.0
0.0
0.0
0.0
0.0
0.0
0.0
0.0
0.0
0.0
0.0
0.0
0.0
0.0
0.0
0.0
0.0
0.0
0.0
0.0
0.0
0.0
0.0
0.0
0.0
0.0
0.0
0.0
0.0
0.0
0.0
0.0
0.0
0.0
0.0
0.0
0.0
0.000199345009255304
0.0
0.002834199338686821
0.0
0.0001076281447598547
0.1472308834446919
0.47424087342204024
0.3927936427301426
0.44809866392600206
0.23673535093367676
0.25521732052742957
0.36420761147401304
0.3494979181974039
0.3095551727631979
0.2874192272187788
0.19812223972327744
0.1568045581340139
0.1445342233151824
0.1748176491689585
0.22617904809091754
0.199939649969825
0.8182924892817446
0.8525075333620319
0.9141325811001411
0.9300901513862901
0.9095278484591461
0.8928330712199506
0.9029673925307458
0.9293111473120782
0.913732292570107
0.912531053209313
0.8983632825912785
0.8763026733121885
0.859154139555755
0.8298906439854192
0.8156043718212315
0.8035820251389114
0.8349664207860839
0.8727981029810298
0.8638357705286839
0.8589202274390587
0.8254401604635614
0.8073169401886484
0.7521655437921078
0.6979807298072981
0.734525447042641
0.7445816331937894
0.7449195596951735
0.7630286709963567
0.7383354350567465
0.7395964691046658
0.695140586797066
0.7114687100893997
0.687767148381844
0.680426366333149
0.6729682420605151
0.6561272682078051
0.6490413421210306
0.6669857905875239
0.7008907883219195
0.7356631753603651
0.7430922073890096
0.7452437883355858
0.7759704455227172
0.8411130039750142
0.8704959372373213
0.884678935673181
0.8935681909461243
0.9008581752484192
0.7772773037994807
0.9112717712783437
0.8646011092150171
0.8394030164485785
0.7071459886014906
0.7286540880503145
0.8907808190112455
0.9332874433545575
0.9040638137328878
0.8884884346422808
0.8577707175006619
0.8331748044810823
0.81223617962671
0.9159135559921414
0.8575268817204301
0.8956463570990579
0.8770633729654854
0.8765630009618467
0.8723858079284154
0.7890388464104274
0.8124420137702036
0.8818714084354331
0.7590311986863711
0.6729319675299574
0.6982174602411954
0.8325055479234915
0.7622065960186194
0.5786895023858214
0.8558183822792422
0.8576865297946921
0.8568196671861646
0.8639369277721262
0.8601524879614767
0.846306987855863
0.8298785543578988
0.8495266567015446
0.8501280535855004
0.8578210770980663
0.8620178041543026
0.8289467259143513
0.8162246035979247
0.8282630029440629
0.8274461839530333
0.8155459289160185
0.8159960745829244
0.7984711266919856
0.8284683982262073
0.8171162880805928
0.7880595567195305
0.7785735023710443
0.7832578749638763
0.8002108087389804
0.8073742246726395
0.7921274419057827
0.7317387568032082
0.7319998081258694
0.6673976949279081
0.6575419255383753
0.6433711597010794
0.6628943273447446
0.6725829929097995
0.6700618752974774
0.6641982341213329
0.6597005023220548
0.6638131925619442
0.6687330122550188
0.6731089636787737
0.6784443803480434
0.6904316097748332
0.6933876377575467
0.7079945799457995
0.7257355427798444
0.7623383084577114
0.8081314535345512
0.8142778583212518
0.8351409978308026
0.8553547996366205
0.915578627235069
0.9376896515642984
0.9421613394216134
0.943160621761658
0.9333368053747201
0.9344872126065616
0.920796121459556
0.925989138867339
0.9210970680038889
0.904892130051656
0.8998941478905187
0.8800479808076769
0.8697200762516304
0.8833795712484237
0.8546523211795178
0.8516660873019815
0.8420404139970429
0.8435662314362603
0.8344966574911522
0.843259097236031
0.8423713690889263
0.8478087251672157
0.8571071196277581
0.8501277747156386
0.8638063472811806
0.8661564026386022
0.8669277894948277
